0.8855086290278312 0.43438627227241833
0.9252293353479405 -0.30224087524202203
-0.49564680668071953 0.16396224265509146
0.4209318469741765 0.2759745935654605
0.053718129000514536 -0.5385733934121978
0.8320909194202968 0.5175164830597846
0.37967218774057476 -0.3641359616467869
0.6544918439150254 0.6703685575746569
-0.15096854409876015 -0.9256642538587891
-0.9648802240975043 -0.17734455007429606
0.002555682673559753 -0.4770801282556637
-0.09817924383670283 -0.40774234963793926
0.44224905358043387 -0.849536114393095
0.3843451025418129 0.2528278766833314
-0.7463070971467923 -0.671344428481022
-0.08186224896941671 0.918969670606725
-0.27490434499016975 0.3660839919779628
0.04772222503193102 0.51253430734784
-0.11183302956965947 -0.5088806787328375
-0.4277632414520339 0.2521719445825293
-0.03528969815874104 -0.46947708748801964
0.38942762291133454 0.20920250120194644
-0.45627376381136464 0.8777618113742925
0.21859679862817172 0.40382401753339264
0.26833554569110707 -0.4824412293008826
0.4193330376209606 -0.02210067916590859
-0.9269614506877023 -0.49258440402724724
-0.32515145211850544 0.43798839169039255
0.9452248685341421 0.2705973087134631
-0.09336413729002374 0.401915356255825
-0.05395505946879593 -0.5168046193837571
0.06694920699415864 -0.42298335119453045
-0.3889129892479184 0.34358474086461965
-0.9630762407408897 -0.10049198705309673
-0.21396153732907247 -0.961163452971106
0.8922243085305182 0.6333823908807555
0.1825505491725578 -0.42525604012618756
-0.2251752676032499 -1.0195540244517114
0.39554189403568746 -0.9234495633388619
-0.1840146481504328 0.5162905788878427
-0.15092976047859533 0.9918894466274095
0.3137343410353127 0.9570166637645138
1.009650016310776 0.06680405763013118
0.41726179632807125 -0.30387805964147735
0.5863742507254592 0.11559921114949509
0.03617602724114936 -0.46089295698433613
0.17297486629191478 -0.42986311420358086
0.7904499911439257 -0.607152979612675
-0.5183861367390604 -0.8520551155952456
-0.8421339046796948 -0.6277109678430308
0.29277355191478976 0.918523789198579
0.7996975886852041 -0.6096542233177851
0.5682762145259668 -0.19403824349415574
-1.021166288203789 -0.10649498336047199
0.5165892684640776 -0.1641200814287908
-0.435414982254555 -0.9531028898615759
0.46419446458730185 0.3289356810006375
0.16417523138863052 0.9458281858689787
0.22399516082090254 0.9243713648923931
0.025642677771147947 1.021233221730784
1.0623087688466653 -0.17154358259461222
0.05312801531499774 0.5251853568674945
-0.9608854829595516 -0.03625373598044219
0.4907190158391356 -0.04011322570908375
-0.033957065058916144 0.4597107063170805
-0.6151519197175236 0.7650786475863017
-0.48729300818553595 0.12736849354604365
-0.41654439008293687 0.9784530152992995
-0.4119836249130303 0.043710500907651245
-0.2839852061401912 0.8031603183913296
0.25906180770430226 -0.35132764137714545
-0.934346124270438 0.3861195392217489
-0.949630077928768 0.2357055731052572
-0.4455663472656959 0.14697000880744684
0.5661361286237643 -0.8964473567643839
-0.25338888895139855 0.9269796155224337
-0.15853323386793913 0.9728773765204586
-0.4722759511765354 0.05738250642484432
-0.10705205395685788 -0.9540647876026922
0.25887148009406996 0.9017277685882861
0.2354080174942414 -0.9512860026945104
-0.4958456831018222 0.7432342094052036
0.7987639076393596 -0.29254930297656845
-0.43845447257796827 0.39359810513775434
-0.09771239174937231 0.5556059883398323
0.5025779535399928 0.22348163305720625
0.42055856027956884 -0.23553288915223786
-0.26685095153682775 -1.0117818380661543
-0.09365080868936433 -1.0406439024062062
0.011407410011129014 -0.5292698960842075
0.16278592675817505 -0.9544531641044669
-0.5236099090640948 0.10434029167427247
-0.024481403983493615 -0.5371325336834952
0.9520379177479823 0.11706656562588945
0.053195839244732396 -1.0892150959456774
0.9830159412831542 0.21312867258554738
-0.4251780720297277 -0.8966889067582753
-0.21068506408922505 -0.47250468125714157
-0.4431259414211795 -0.060251347279641806
-0.47539193961848253 0.27749935166794004
-0.8159177590785557 0.6046689963856349
-0.08620638934077458 1.076657175923198
-1.0308049867029936 0.07943287486120765
0.6003729838020865 0.7221168424154352
0.439074297766549 0.24265875774272078
0.4452944485820377 0.32286017813683127
0.20351285696995663 -0.993536548269034
0.9182568517614271 -0.14261505522394555
0.31477268692167637 0.38343936319796157
0.3538671553151429 -0.27190092200810745
0.4920527212578998 0.22584212594865377
0.3426080779622745 -0.31020284682803906
-0.136454908014411 0.4699667120268252
-0.5077624148057415 0.8559388395263834
0.41284083387474807 0.48374427971634415
1.0621086207044137 0.29864950779778937
0.304728741761368 0.8583304873905373
0.3535468335427162 -0.03758595461501539
0.9616978270875027 -0.23543769562284972
-0.5053455660818741 0.16262404714310427
-0.4777197359867134 0.006939518945753221
-0.4067202843841409 0.3390533249796506
0.06292817332257972 -0.968892954873282
-0.1419412200702142 -0.9179543056636967
-0.6181358990344413 -0.8696740787372472
-0.46295700204276585 0.3625924244340013
0.4446018152704397 -0.027746166261224014
-0.517144301213412 0.8384700590796396
-0.4162092060163378 0.22197171245929678
-0.3753755042995701 1.032767712410198
-0.45233021938435386 0.9152778146651689
0.2839032948034226 0.3409253965453377
-0.968937958184788 0.3421589693886744
-0.4812014496151399 -0.016211720151619737
-0.18687854336656307 1.0275882576894195
0.04675835708836276 0.5372724765572057
0.500426712303465 0.06870792597931097
-0.4546796714531916 -0.21688710534425817
-0.8539234673414023 0.4695735181718728
-0.4808442599031923 0.13291508665429913
-0.7336698602966859 -0.784279664833976
0.71252488045702 -0.6110291223087406
-0.03360653952294117 -0.5551150816016394
0.4355285220663666 -0.229630433084909
-1.0168280863533543 0.33102080179120685
0.10360854207750414 0.4087383478729595
-0.4362082935111928 -0.16264028165023525
0.09938173277941298 -0.4802747690567641
0.37911331205436444 -0.28549335284973737
0.04831079646045487 0.48932612915745477
-0.12826516379948338 0.5919692102972882
-0.6968353957687756 0.6777427737902482
-0.7099340690947485 0.7232772592777901
-0.06885380947415244 -0.5207526993542146
0.177767230085836 -0.9745190826714784
-0.23134511952394984 0.45752979505019337
-0.11559855936316081 1.0023611788924645
0.24290483033737642 -0.49212494723340094
-0.1119936720335843 0.47577703933560966
-0.06882234372554899 0.5302032002587483
-0.22193941163071845 -0.4057351514596158
-0.4735469381162793 -0.26081045862480723
0.4902927891169944 -0.8614879744536633
0.44807375781857817 0.869173562866489
-0.4719433259125502 0.9707010965017318
-0.49512545913808037 0.10803904127504747
-0.41605466514769784 -1.0020757998105834
-0.7849686585331338 0.6598284550660181
0.146120202380436 -0.5256374242660038
-0.4060076480573026 -0.9052168437089593
-0.2031871102495048 0.3990982821089909
0.30736309201785106 0.3668340780289935
-0.5391156851055219 -0.04136785590562901
0.46040522091501895 -0.8562328418653872
0.531052038441834 -0.03315694122633528
-0.844503168982741 -0.3814190027382573
-0.07845527730086227 0.5724948568594297
-0.021689633003490826 -0.45838462312881717
0.4373774497907541 0.3581327109371714
-0.9786038554501103 -0.2871805580556796
-0.4186057837986085 0.07100420563228241
0.9949794457443623 -0.15433423410365646
0.6463721025868868 -0.7343949728693547
-0.5572299475363824 -0.03848583122443351
1.0243783385476017 -0.12677140839415205
-0.10600538853976742 0.952487362355442
0.851483050604168 -0.4049928760112298
0.854836293862767 0.5647361927767165
0.07790073760282445 -0.40409870565923456
0.0029442124132962894 -0.5166898272823935
-0.6238041167492377 -0.853081584849654
-0.04336925943684781 0.5050648714807279
-0.8917884562115423 -0.4092853397072364
0.07255751614698966 -0.45383668533495375
0.519660091995346 -0.047614904058199306
0.16049220632229955 -0.45016241300027665
0.42211597883580054 0.4408924703957442
-0.0652893671028127 0.48439783170492484
0.13845484562863863 0.40046663128537974
0.6643888085066183 0.7777601702667223
0.30931573445250465 -1.029162995801081
-0.539437216297994 0.13249132389749535
1.0010971001513185 0.27653681975634425
-1.0070566721408314 -0.11742167867815843
-0.3824556457813193 0.23825316917845651
-0.39410226300525614 -0.42447976771514645
-0.35082455420921577 0.3813725875457489
-0.32780391390331987 -0.41939188364527413
-0.5140451943757389 0.03264154509114793
-0.14231371346987326 0.43379768910587385
-0.6519919585833968 0.7669471657559204
-0.3765270711502578 0.9473342963587489
0.6926131452230655 0.7156903978789941
0.5403781513274555 -0.20071042395123337
-0.9438862538967339 -0.46207255877017184
0.7867681798467835 0.5286988511424433
-0.469060654869119 0.030631226313186093
0.7840764278963308 -0.6762950749938482
0.015778368150815368 -0.529693339934806
-0.9164017047557607 0.2190971177079269
-0.12358614567235121 0.4281835261086894
-0.5052032587677064 0.08549356774648056
-0.9695823249227978 -0.13070545410913478
0.09428172259125256 0.5620536176717689
0.42196482756190323 -0.14840020882505056
0.18945963828313714 -1.0367095638985786
-1.0042249593655668 0.04432620101536358
-0.8746714594094593 0.574173402930118
-0.29790659939772907 0.2841577381383544
-0.36817532592966146 -0.31479277224336355
-0.5076474889049655 0.8283716622860078
-0.5178622630415268 -0.2781536909719353
0.7615120580253758 -0.6338206809322137
0.5225445327866646 -0.16537422676686123
-1.0751554359092506 0.06619622094586187
0.4031034227966661 -0.24546963459170112
-0.7007157578196938 -0.7829237255907271
-0.954021694629333 0.38109404181448076
0.5086083332973106 -0.8601261975825715
0.8182292815706714 0.6187435884185272
-0.3145247180015469 0.3519093461422309
0.9779311584306927 -0.058859409346037006
-0.5052218107553634 -0.911374262474718
1.0080994598530706 0.1471693945339308
0.5880160362944972 0.7712691445513932
0.06936693156025789 0.4594073850931273
-0.08584847183095437 0.4978155758583167
-0.08869934112525543 0.4258449472218697
0.42553423393088385 -0.2407984911032768
-0.006045209407554757 0.9225951467079878
-0.17266668236911006 0.40822394995227596
-0.47092058783234586 -0.1942121958830782
0.12836370810082923 -0.5125284772960452
-0.6138457566219018 0.8005939166059886
-0.18819818847718534 0.49500531141944376
0.7625484133465792 0.7879030476131986
-1.012489424042727 -0.39019174501676146
-0.5026301093831891 0.2014771637180282
-0.9004981007113048 -0.44475164939446205
0.9293249214953888 -0.020823153476776088
0.3180674150729087 0.41247769338625156
-0.3075444586291135 0.3751535207631382
0.8556417302590862 0.35589338646740215
0.3818002978429592 -0.3468595059375306
-0.9198753962196882 0.44589456677271433
-0.09433089019796478 0.9797913182775848
-0.5505436921029141 0.7896246015249572
-0.8304902047613031 -0.5945098599622418
0.3170940404984202 0.241907758017746
1.0591475790974416 -0.19814485536463147
0.4888797835613121 0.10668149196685513
0.36515514580129016 -0.29008221724077904
0.5342083185399517 -0.8402257887111234
-0.32641744056169775 -0.4392261684368757
-0.28496373883681697 1.0030240705307407
0.026956850957826815 1.0149899467353087
0.31147620741258913 -0.3889659386869442
0.9185191136556429 0.25313758193037283
-0.47614292295573574 -0.08864161054720274
0.4570575132429372 -0.14868827319497202
-0.11200449178540844 0.9558889405369135
-0.3886092738095447 -0.8521777036611966
1.0673107828630541 -0.25720066189146595
-0.39931801091046865 -0.2897303337571873
-0.7330666988095138 0.694292261824619
-0.032734486166672155 0.93587593004523
-0.440895896882841 0.8992007142855314
0.9401796040079484 0.1277863853704919
-0.9440123883815305 0.031863184545175754
0.15393671305778336 -0.399558036447284
0.26427054359123375 -0.34503786299291334
-0.45731665074617245 0.01982812785699488
0.436033027349369 -0.9146405546160677
0.5650666722198567 0.8450829035685361
-0.11731859540146156 -0.4824922601295409
0.524308539772186 0.11951272089608558
-0.8290232171711681 -0.5094956892620968
0.2336671085583093 -0.9665799430941465
1.0349204039158932 0.2716464530787651
-0.09642944279568257 0.42092475737779195
0.4356455474639159 0.2978405928328931
0.7142303896475304 0.7083458323476337
0.1670646336790131 -1.033212983538903
0.7601037206204345 0.785816594739839
0.5266963705007552 -0.23689631187191987
0.23548149249955877 0.37414178256945235
0.6708357583552573 -0.6462378885825837
0.40674165171047344 -0.7618219673242892
-0.9929325478312003 0.2923593627369464
-0.020545647513189054 0.559837876307161
0.41918717091827035 -0.07642294020489657
0.40972470842138137 0.3607957286260034
0.06927715107303173 -0.5475361098208719
0.010154058308213046 -0.48848944023011626
0.19096900221588117 -0.5883923653642287
-1.0498141324090056 -0.03958949639987796
0.21884667332556074 0.5206161585021791
-0.5148186890157881 0.8095129498983559
-0.5363917641925179 -0.7659898148553348
-0.906649884147049 0.5767259018721421
0.6956145493836773 0.6153244779337476
1.055197197712263 -0.25996958536974074
0.47471134445143487 0.1440441641053562
0.5111687041614277 0.02266135054092082
0.5118993850898057 -0.19445975287420036
0.351060763959614 0.2664252085704786
-0.5097532359679283 -0.05143829793208324
0.6409862458929798 0.8883489832003746
-0.5374819452043729 -0.10464797176685306
-0.4138574263888462 -0.18205414227862993
0.49630460146388083 0.008466371842898099
0.06943457318446306 0.5047436689433107
-0.34940163870747704 0.43877293728001576
-0.4570584099729175 -0.11033485415670456
0.07474500704222782 0.4487868036610808
-0.29982393936837604 -1.023660161921689
-0.9222177926143607 0.4621219625019978
-0.24532397670978012 1.027498127112668
0.019913074159646053 0.5041460691823086
-0.9292773255893407 -0.40382840154228106
-1.0643072544056715 0.1466957459617199
0.3981182168883162 0.8934702618855266
-0.9749462818970949 0.06769101947301143
-0.4392526355003149 -0.11278730837396846
0.6724429319512724 0.7312485127356314
-0.37523835007640133 -0.8207592427370288
0.9436851156612603 0.15763101466244217
-0.22486904985733266 -0.430834259305072
-0.720916913977065 0.6984090838020172
-0.6999126377651049 -0.6644188059347207
0.260284715403415 0.4666877553468688
-0.08051881681066303 -0.9456798104755166
0.2704987016261531 0.32842868819815396
-0.43482749664057857 -0.20494892878098367
-0.5501669024978845 0.8710519153568677
-0.40875966475745357 0.3191116580322028
-0.43708329355144837 -0.20818059716362225
-0.9945841293887037 -0.5074653443798534
-0.6491049423433899 0.6649498757458217
1.0368962166894176 0.17416604292856655
0.2686598767614087 0.8916618389791785
-0.534726239374248 0.8125737334274827
0.21686973356803768 0.4572094394199052
-0.4764432119165061 -0.0669786913584177
0.4444398354464767 -0.23075505955689973
0.799852288536247 -0.5558540472539579
0.239489363523048 -0.46735825319381674
0.4485637427765713 -0.004839981962431909
-0.21363924944138327 -0.3884134664680774
-0.31654154767474124 -0.38614697066502623
-0.14820791029034933 -0.26150181690138175
0.42219349271526724 0.12449299894655223
-0.4159986194469973 0.01572165511594871
0.12804698615233764 -0.9443608516264975
0.4278275024552027 -0.8425898722472307
-0.5198899610493677 0.12820766289759572
0.44259043175556195 0.2131363129353421
0.23036044768048775 -0.3972554257138329
0.2132188959148285 -0.3192298616464324
-0.3411421154123513 -0.36723148823514795
0.8671157403581284 -0.3811816799183385
-1.012193721239733 -0.20036357753830056
0.2690288544186249 0.48548495768365546
0.12137810632626006 0.9400396067380874
0.6499871050416147 0.8127849699416949
-0.3021872270929535 0.5038603040692082
0.29680349057788746 -0.9207793844528236
0.9465573827988871 -0.345855570636029
-0.40857761044128305 -0.2835798556729879
0.17358401612109542 -0.41492148939380186
-0.9359675046009406 0.2771114154609448
0.2841256040462593 0.8998097179533002
0.2595667827556183 1.0412021884642326
0.34144823556238424 0.9532474236556052
-0.5791825837245443 -0.8577912726763801
-0.9248510382855912 -0.19076388345595927
-0.25839259563399747 -0.46384553173473164
0.17811785314357792 0.4895585963039798
-0.9164924631671983 0.17321273847789811
0.9837547536968317 0.041361583329016224
-0.6238738303140344 0.8069749663171948
0.7807388801607946 0.48873648482559506
-0.002330823452583614 -0.9289705044052541
0.4857055846270745 -0.1022379656991082
0.9361136008004906 -0.1552026275897927
1.0083160273323728 0.09050338937008205
0.4348307017883716 0.14286451195787814
-0.08211393628585696 0.4982481559577989
-0.27790348447114444 -1.0057691077830926
0.055637472494664365 -1.0499788788843731
0.8997936305325511 0.3915383191744461
-0.5672667272788603 0.03157846795285565
0.9974716471509517 0.18699272972315217
-0.22508844699272704 1.0651679414632254
-0.12691962193722425 0.9525831527268229
-0.06480670521673418 -0.4997724365803792
0.14899971064340023 -0.465101010926724
0.7310738978755356 -0.7371199869550835
-0.5632808270030291 -0.7853816038279471
0.38497994410333775 0.3836532882651516
0.3955131201741567 -0.4787258133865633
0.5837721987151279 -0.8107896498417495
0.35007372799251957 -0.38492884279059014
0.7235977481168843 0.7002815857398348
0.25995370877575236 -0.36694088122506313
1.0593381921856155 0.2329783127104567
0.9633704540844248 -0.3325661096139678
-0.5133902597032693 0.2355775359579555
0.7231999660069004 -0.8035272689098668
-0.3959494606490682 -0.9052267276025384
-0.24031099230038738 -0.9564347277255861
0.11019702343140733 -1.0101265673059332
-0.38402318193039225 -0.16336999735342322
-0.7108092400706176 -0.8535834437404097
0.3152403956834551 0.4682465111145623
0.32420866875677923 -0.3812980933845911
0.43211680988296464 -0.922369093919651
0.09848671512049295 -0.9555266834842316
0.4838132889209934 0.019949627985781274
-0.9211812307437007 -0.4169294435987391
0.45710798599017904 -0.30941766919564073
0.08769834779961255 0.5150727656681824
-0.3573370634730634 -0.3457847964216338
-0.11297042831963941 -0.42098002243565014
0.8948383614997184 -0.5877976634221416
-0.6964838406464189 -0.7990588016181721
0.44504380818204076 -0.0016792054211872132
-0.2883816300682259 -0.47682696000545066
0.896191344167274 -0.30004445039380845
-0.04339074858742024 -0.4954001367594205
0.42743038864717287 -0.19515543021618048
-0.3623911939073368 -0.4252469928431618
-0.963221322851736 -0.4721900643740928
-0.11803761985946677 -0.5374124572286517
0.07628866878876216 -0.5216812123513654
0.35702427841484347 0.3579203018175626
-0.5573030997546736 -0.09844740512205337
0.32480285068456244 0.3434676151853931
-0.22848996762026813 0.9819368247799658
-0.19792912256102632 0.9652417488106899
-0.748310658809415 0.7202865428592861
0.3480126027766149 -0.3398206671592407
0.8302211169675364 0.40442522704060835
-0.858677199903362 -0.50368555229481
0.9357149567791042 -0.20788732420404102
-0.019630600984816962 -1.00201205700545
0.579427671001187 0.8155864061833814
0.31760177546598184 -0.9701296608696591
-0.8929961259741402 0.5585259947058613
-0.4720510550093755 -0.7721431239900355
0.2584680344632392 0.41628391867950415
0.3795387309289295 -0.8619792832959751
0.14410434734498195 -0.48506262183948984
-0.3780877518779049 0.9508815384206442
-0.5488501767148714 0.14909748157720404
-0.4504120486606209 0.05153323214011053
-0.11703163731262961 0.44431171759927723
-0.2881045222555504 0.35648185876604455
0.7973327396312058 0.757636858121111
0.23837866223279972 -0.438019947821385
0.15411236789621532 0.9465170364331382
-0.22471900937074968 -0.4210238328468871
-0.4621909730224813 -0.04031206689302265
0.009090851123803902 0.9762305317823052
-0.4121903399208773 -0.211525658529056
-0.24814053012743462 0.41229070337387824
-0.49331363727100724 -0.9794757883787877
-0.16104332003595628 0.47997880169714296
0.0480127449038085 1.0132207416244166
-0.48704561370948557 0.2851640508242517
-0.27796903634095926 0.33071545087899495
-0.09737064660941755 0.5058211384638193
0.4088738861124279 0.1124560206662213
0.4932647287455274 0.7984709632688879
0.12559725949644582 -0.4793436208504417
-0.5197111952302214 0.1456243628068204
-0.3685566949557296 -0.40141845490060396
-0.31416032940624367 0.9853405129162124
0.023234982992201614 0.5341802404421648
-0.4055935286225612 -0.00977588723920711
-0.06983532696325304 -0.5665690667385314
-0.3535246099866493 -0.9104254282849821
-0.3339398554332082 0.40943456565278075
1.0324829383225225 0.07193224329497487
-0.4240228119577872 0.24880528831866516
-0.22558340364204355 -0.3105624514752501
0.2138997229329764 0.44129700319755016
-1.0394122968328587 0.05051993944611399
0.5294187287021811 -0.007678397781545103
-0.47806689823750576 0.2396004851838954
0.3299603567802334 0.4975347352919311
-0.7190635025724583 -0.7320581413066097
-0.5348115956563745 -0.008536479275017987
-0.7854297345719833 -0.6443592289586147
0.19336521458038902 -0.4243835784108103
0.882502547870188 -0.5580411598262593
0.5696929569383814 -0.6941407797394482
0.5506935460185287 -0.8800171256753979
0.5496010965380445 -0.07700047633204478
0.905400351641137 0.5662735054535705
-0.6165568388776875 0.7200874882813609
0.5252662595173516 0.7991870784954952
0.520530235477815 -0.10801423909206934
0.49016640957019 0.26932712727213354
-1.0020798957143366 0.003032958086067926
0.46245509138308916 0.9098090859817118
0.44884371747473767 0.23215179458590524
-0.02584420238615106 -0.4444135312918802
-0.4445453199923973 -0.054746223525970396
-0.24836508291829648 -0.9489497870488166
-0.7653276229452066 0.7661586693577573
0.9157298047126968 -0.22137020481991146
-0.20306393220142172 0.500396874118219
-0.4164062227267161 -0.2846367952840706
0.21710816894865065 -0.9559947295904211
-0.4758202281562177 -0.053738546328914304
0.34920608763175365 0.19318823331691512
0.33158283023085966 -0.9351157671766118
0.15383196785356112 0.44422418517056095
-0.8667131535482709 0.48671263705913104
0.46815267452623605 -0.0757016497368673
0.8921977784285934 -0.24789698340924116
0.08490040804324844 -0.4412233951098371
-0.5772054142248166 -0.21868855103574183
0.12142027827008585 0.5040098879309125
-0.4926699834067275 0.01722214477768695
-0.1396623758005219 -0.4870042345995359
-0.7545609647891931 0.7728487931562742
0.2079706586734591 -0.42800868184994284
-0.9051067282535374 -0.5333941666352019
-0.6731817408936868 0.6982483353789974
-0.20704184620707278 -0.47448381993432376
-0.3545186484697209 -0.39312634643720434
0.3908359464966053 0.8891267042168958
-0.1257394635805027 0.43101927769080317
-0.689767811391691 0.7677116761036197
0.07871069389931329 0.42999245195550534
-0.2563437096948326 -0.3717761213142382
-0.5285882322576516 0.019112957442888986
-0.8108346000063121 0.5441291208551035
-0.4703311846395001 -0.17016680179888655
-0.4231380270513007 0.30554286743581854
-0.9328440052011334 0.43653633827587895
0.35448519885523533 0.32791500647389044
-0.9719493160131081 -0.07667697804308199
-0.2822610921607914 -0.5063928656390355
0.06264540634779177 0.4242890037272929
0.10237994391714864 -0.4309618219187187
-0.4592169567173387 -0.16255812607234493
-0.2518225933050835 -0.4208142025028869
0.3639386327407867 -0.235179851736103
0.9123774505087471 -0.4923701494275163
-0.4898804599175782 0.20410620260553752
0.8296611984690655 -0.6479973628958998
-0.48526692414454714 -0.968623333133316
-0.1708127726063316 0.49682722161182036
0.478238817761862 -0.161157211329336
0.4317538949727172 0.9306977170605958
-0.3868094623888542 -0.20702441894284423
-0.7482439357587652 0.5255514230327658
-0.8888721394082203 -0.025338214323733503
0.3412975393167358 -0.4063757612756466
0.7859779718728321 -0.7496613598548645
0.09579436491615487 -0.9982749944562527
0.6677005490798379 0.739473234910905
-0.002090420034359629 -1.0271502173397862
0.5307368579389415 -0.09709489334886914
0.36636486845984517 -0.3047599096695565
-0.8244580853575483 -0.35285321696898386
0.40422347628429545 0.24931133811059764
-0.6179986894933199 -0.6604689036322611
0.37720571979392103 -0.3654798467976876
0.16124111253530418 -0.43171399886648604
-0.3514120536603599 0.29482973263701173
0.5029612120102581 -0.13408706989628352
0.4173718378521398 -0.2043439990686591
-0.029740535505555374 -0.3829584264562014
0.9619316907721003 0.3603632178365838
0.6522351529525817 -0.8221383150716511
1.0591766870014685 0.04945285067967273
-0.12101050422186356 -0.5116538463253998
-0.7290108426279528 -0.6365542463836149
-0.21842933453391436 0.8791479219236437
-0.0813357389259505 0.5188644477540161
0.48184055311087337 -0.8101133648393692
0.2970002378718818 -0.5214449159663446
-0.42527413140087167 -0.26389019291840027
0.2343317353040076 0.4238662962472942
-0.7718000852341601 -0.6637823630323897
-0.49017684168162984 -0.13693440506591897
0.49339693967156995 0.13139051230343926
-0.4825626173406121 0.18291518352001307
-0.47117784819782116 -0.002745593666730925
0.07970213478090235 0.9834631427519499
-0.27806837642753934 -0.9903336090305069
0.692519755472798 0.8217367469458958
-0.24781160985469852 1.0227442772771453
-0.2757416677363623 -0.37750921933187015
0.26418903583043785 -0.5551256825243929
-0.37521923685941305 -0.9357203893140446
-0.9307135712514865 -0.2352007561608769
0.5613978838167919 -0.10836594849164496
-0.3404094007642755 0.3461515797718626
-0.12532819547946672 0.9667322384083145
-0.777531383009591 -0.581259370100492
-0.2503579131282956 0.3025678765562609
0.5460501712930425 0.035827978415200856
0.39069248001833323 -0.09031494492878991
-0.9852684664849787 0.3820854882830017
0.49369233421918085 -0.9239281803278458
0.16786205900538084 0.8861023234599735
-0.6406318926162485 0.836256947815246
-0.11800108344865104 0.5459043551379884
-0.5335928442288648 0.1371056096923348
-0.3916871819078118 0.44055706232421665
0.6421331846985532 -0.6630269970156488
-0.39080702023781466 -0.33051367526398506
-0.8273142550134919 -0.6926862936012099
0.37098200034081114 -0.33645224866489054
0.949583558112411 -0.2619937024743009
0.09019026305101022 -0.416637752215855
-0.5127921076122032 0.9083350327807902
-0.9594718533131271 0.1031878491088051
0.43891666990725964 -0.4047647035977719
0.04798778691923169 0.9920006800301624
-0.8772314646779386 -0.4186044310533217
0.4367515295875742 -0.24133699141916296
-0.8984856107761654 0.322045155224214
-0.4123352678968035 -0.2917508627030098
0.5896209586360369 0.06932835631089433
-0.0423327775192852 1.0041628579156099
-0.10267919897071995 0.45175224579491935
-0.5842955142968717 0.8422453534683357
-0.09249681179882589 -0.49215044966303334
0.824632628056189 0.5249130936494193
-0.07316221821946367 -0.4708542835434899
-0.7217943435656644 0.5593722784521582
-0.17605968368150732 -0.966965865891827
-0.23070262585247403 0.4595982202069331
0.18545127794261976 0.5633649392344295
-0.9245469887098269 -0.40581359434876013
-0.4116919986672257 -0.2366777488840269
-0.3841563173032887 0.19469196865230842
-0.9368694836887966 0.44422887956188023
0.5435524828543592 0.8111810047568846
0.5434219110611849 -0.11873403629174606
0.9015319593984519 0.36562372969339857
-0.9783217555185846 -0.2657671850634953
0.42034636820306365 -0.278330432247749
0.8536533753437617 -0.45608491272183016
-0.1669912157624307 0.3877832007221719
-0.7512797190469364 -0.7172238925691264
0.16052943549309584 0.5094992563066444
0.858372305270786 0.5600871960850191
-0.3811165914195272 0.3261018059203252
-0.5030211656421808 -0.7987804335797252
0.5808908363407055 -0.8416141345009845
0.883183552820427 0.4053288384059307
0.34463025256269586 0.3090832687324811
0.19658570598117053 0.9500101962786696
0.27584672631450413 -0.4161644753464624
-0.49257997007140353 -0.23508725036715164
0.857183915143973 -0.4555546748289559
-0.9381130132268116 0.5674281923130011
-0.21250033849932545 -0.35363391115285453
0.3659425237192609 0.30944758784141874
0.35358187571336647 0.35869846605929545
-0.22460354802161875 -0.9899787247247565
0.8352200159306555 -0.405195261006183
0.9896248034834685 -0.032528279189984716
-0.19809916139089426 0.42814633157174187
-0.31366875091771973 0.4250425117168102
-0.31330067781098947 0.9301747066604357
-0.6394929133084608 -0.8877640702779798
0.4573948035647643 -0.1689990217309722
0.480241873383659 0.191258952752296
-0.7547629170919407 0.5664091816474874
0.4629252634205485 0.023544823306261203
0.13760898936884708 -0.3776899311523606
-0.3240355832403222 -1.0137356401692408
-0.24757570617807823 -0.5259646500707653
-0.3857804872309851 -0.3032658851089945
0.5098173822731483 -0.9204929161118905
0.49216718914067187 0.12605632782872161
-0.8955941630391198 -0.3079653466630221
0.7684892139006317 -0.7118497971976689
-0.5210477486979317 -0.1600290456994588
-0.7248236722384351 0.7462950107542137
-0.009822182423025095 0.50974541890495
-0.8663052968820474 -0.3650626958531602
-0.03995183415353101 0.5502994159226355
0.9201360092023778 -0.35262412081414973
0.06992822941707498 -0.9557878290124295
0.4073984794088654 -0.22366199530920303
0.48866550132267317 -0.30077294711808966
0.34157557132229116 -0.26009138203078497
0.14705364247786876 -0.5668185309905784
0.8770636300789183 -0.1098169335677899
0.4491701391981194 1.0017131549922687
-0.5213952341828829 -0.09131786716736454
-0.815823382628306 0.582760514256442
0.2523810631439175 -0.3662517102188431
0.6819986764219053 0.5964300610930304
0.18635132132232113 0.9742494063837938
0.8746390265875843 0.41290306019237843
0.46559468914298335 0.2135908383325082
-0.2252250546450781 -0.3953704887871634
0.4757936236340331 -0.005436482691898732
-0.1736505789919555 0.44150932072938437
-0.23151281084139047 -0.500455265535259
-0.21730065726699374 0.4474924423320433
-0.01552507026018934 -0.5262412524401594
-0.549489345701322 0.09275318832346448
0.7692052618201314 0.6931709879193958
0.8422181528170024 -0.4648778171017629
0.795890378942156 0.5534298016352139
0.45744007088730454 -0.2485470698221269
-0.40580221915505577 0.3798593017590954
0.934333537172435 0.0579291307730235
0.9980364925831666 0.3103273234221197
-0.18854500573134544 -0.46010788714291906
-0.9960634264669939 0.21068716846154212
-0.8421317865542618 -0.5910037159769576
-0.8811953947136053 0.6478915542748124
0.10169535637450618 0.47696457854853924
0.22409880967481965 0.5164454236882761
0.6539593908784465 -0.7359185973215313
-0.4933819772049061 -0.10546101825889662
-0.46634181249018375 0.14881167208900642
-0.013029498168491811 0.9851613319392072
-0.9278501295335416 -0.31290980437276034
0.3220337989720012 0.9142672108969561
-0.4945454549392088 0.1800263829545441
0.979137553918557 0.33015147500715586
-0.32109446796538577 -0.4175453659190069
0.04473000667044213 -0.5464234055318028
1.0229076498996037 0.02892826528600806
0.33217269448673076 -0.38416280758080434
0.4114280349773111 0.18057693464287894
-1.0330409567082042 -0.024232390825456654
-0.41251720641734985 -0.061383121829452145
-0.23259850236676083 0.40089615252622646
-0.25452964900037145 0.9624080803351917
-0.3324670676307689 0.3679803238568739
-0.03349822071366198 0.39760891504631857
-0.14882376134634306 -1.0068727440169987
0.31473522183213226 0.3487002124281835
-0.496115902946072 -0.031182896519974287
-1.0238342844604034 -0.24235108699593566
-0.2994900453214262 0.42446889102276036
0.09825806475758231 0.44978155305813855
0.025524425825490388 0.4511133982108981
0.5270675925389556 0.7950002568620823
-1.0403697892639898 0.05303597438896506
-0.14345224975537363 -1.0070050965973514
-0.4473247432836005 0.1050664574316206
0.09551585601134716 0.50050399189153
0.3935881097205286 -0.8502926864677945
0.3211225966078194 -0.3605740899179243
0.1829632979684293 0.8929677116278071
0.46176019203146335 0.23484787810411023
1.0308279473770614 -0.023495765967121884
-0.9990869101061628 0.2439425330430659
0.49769633745320674 -0.009149988326326373
-0.466194219705995 -0.1631578962785997
-0.9290027670391707 -0.47145181994087454
0.9227334744123054 0.5487835693302756
1.014763980604728 -0.23762610112723265
0.9086837807697816 -0.33441323393789923
0.9733600709055317 -0.0023085650694268933
-0.44727720403563126 0.16185555336043975
0.226780431200788 0.4474611562779779
0.4619480566461762 0.2860676589566081
-0.7627662041824255 -0.6868338656478139
0.44618017582609243 0.8069832457273413
-0.4301047476884569 -0.3341629138163888
0.16327890043266216 -0.40418980338979793
-0.9274985491229261 -0.00045524582467486654
-0.4298404878553352 0.034280408755491085
-0.30502903275063126 -0.3918163647947594
-0.9159808641665316 -0.5035280522284232
-0.1437988881316951 1.0105400195609908
-0.951266831968341 -0.11980767908801082
-0.42496872364966065 -0.9372480047256992
-0.3559344649324637 -0.4133313774399941
-0.5066723109920239 -0.9143643557407126
0.0347405186065958 0.5465352817161256
-0.07330411355895806 -1.069415946112215
0.5036027338278651 0.14388602198813105
-0.6676916314652663 0.7693469195014401
-0.3198400442491671 -0.3814058505424819
-0.4723806644151275 -0.250495686635419
-0.22077958121890298 1.002598686118779
0.44938440471831403 0.16452689177202762
1.017612849048001 0.25249080436369176
0.5563487862174462 0.045243676493984045
0.499180933167737 -0.1232918225847888
-0.847103436407539 -0.508616913197302
0.5905606983589455 -0.7934270767277689
0.2842248455882999 -0.9392066496195897
0.48975458018353596 -0.880438027247068
-0.1898991264554183 -0.4277793976303773
0.5793662835705574 0.7995865349803569
0.48887478475058604 -0.054913371945341134
-0.5240963792748248 0.22982073894493568
-0.15518175175791687 0.9463284201581971
0.28020008675989494 0.4439746474293606
0.08906673488253593 -0.9046913026059167
0.39469327364954476 -0.22349981285516296
-0.8899366881398845 -0.5134075796877537
0.9492544934053935 0.45038148343768986
0.3307290278999449 -0.47127065005354296
-0.8845970653504182 0.5207580300104003
0.8371887581031083 -0.5856105251148339
0.4682925288546499 0.2824973500312072
-0.4595594675697273 -0.15846951530908682
0.5697584937136981 -0.03993903757212767
0.9509292542310015 -0.39804488896811846
0.7572468691696219 0.688817499637668
0.16505259121723895 0.3858887087298129
0.7759103389170308 0.6211839792758477
0.6391633796557179 -0.7113456437692178
-0.4294099845116661 -0.03161855638012376
0.17046830456038842 -0.44835079839026787
-0.6183097934678086 -0.8014033066607259
0.607517087105089 -0.8053821469834458
-0.416916788662407 -0.9626791440216397
0.44172041489011127 -0.22556869640072827
0.42172726021872686 0.24675415637541145
-1.1013988649861575 0.02539499331204202
0.09181337566693504 0.4806381547162832
-0.19579657604350634 -0.4907994658938756
0.029491920943712384 0.42120976489301787
0.94997076838094 0.2186059935703533
-0.3955030427329562 -0.2933845467200673
0.5279302610531811 0.24197631103078726
-0.9617036895813291 0.06614632935543108
-1.0021512720651136 0.07623506962167342
0.28107715702637326 -1.069746367785635
1.0790336377802583 -0.063873375374819
-0.1695709260201143 -0.42938323728776717
-0.339566162986776 0.22837261403545614
0.9075433985638174 0.41323334512997834
0.10953723549780031 1.0165655428026696
0.3813979734022815 -0.8531768320121719
0.20788740683802262 0.5558848685370791
0.39582716482110025 0.3235920556021772
0.6615514434832973 -0.655134875587823
-0.9126723112825124 -0.44958065575978573
0.8574905913422713 0.48620011728451334
0.1859175253825109 -0.43054671421803786
-0.565401838846177 -0.03964108914222256
-0.25393084836286733 0.47340585056804924
0.08871284923253345 0.9874802656986919
0.2825787802949401 0.9474455597239488
-0.4200195804289072 0.3282928207117533
-0.5681170969137935 -0.8954378935795084
0.3704682759040002 -0.3495705882772871
-0.5599145962447057 -0.7420197781424017
0.6734355162000288 -0.7703186478787734
0.03579229453215678 0.4616407465415219
0.18429283904007857 0.5131679930498383
0.7290109059804445 -0.7657151328228938
0.7902240694990462 -0.44320880177878147
0.11102078566212986 1.057644884492345
-0.46423213625393933 -0.08562824080286845
0.5145055133308342 0.15500200436054135
0.6152980046271782 0.7384139345953334
-0.02688982970004024 -0.9559740197976886
-0.5588739346221903 -0.83881258385117
-0.44754091872871576 0.93268788456095
-0.29864866982563193 -0.86336140360349
0.1385269010374982 0.47504507893569453
-0.10048369307525629 0.5114773360441169
0.034262655550578044 0.4042098996268295
0.2433966871238441 0.46089713975372393
0.11875167452690047 -0.4580268376232438
0.8805176851499501 0.3988964235818302
0.30567786267940406 0.4861034986125648
0.43651612600782685 0.022688680078882126
0.4833707265742177 -0.7977903721384689
-0.0721426408696979 -0.4013490749148502
0.9868084848883893 -0.3406727257142452
-0.18306908162715702 0.49427771357834865
-0.5379066926206553 0.09275223127004362
0.4836474037877872 0.012953749640044213
0.6856276563182504 0.6491051458178762
0.18147596213753497 -0.5167536262134438
0.5332473051995638 -0.1220358323404811
-0.43478152177539436 0.007779774039757889
-0.314518422937718 -0.35130776713711986
0.6034999499299522 -0.08005025204407902
0.30464087376423116 0.9862855501452387
-0.34720610684426373 0.9037445462581837
-0.9175207607075228 0.3196828936335747
0.9048432714530774 0.37610528826291134
-0.48571909236836835 -0.2782081674713528
0.2252595634705493 -0.43303988446952263
-0.8452114483698686 -0.5961233227558896
-0.23445766373513777 0.9687811478512687
-0.9686516797592395 0.17831511814672443
-0.25452641980204116 0.4672048731127234
-0.9734316970776138 0.2223037635321316
0.4810420623474336 0.836961436897556
-0.8828894032722701 -0.31265241321452514
-0.07796883561889142 -0.44307779816309045
0.2797287086327716 -0.4601864368722533
1.0242284151944396 0.23497348062628926
0.2726553402834646 -0.37281181892408566
0.5984715989656079 0.7187926380978499
-0.2806689354301731 -0.5094525104790903
-0.29678408401378964 0.3262571298561174
-0.29057522845290124 0.47611148461370667
0.10572401349093823 0.5291700377130084
-0.6405303348888038 0.8430729641730824
-0.009084122526319335 -0.5039266594533418
-0.3382160343581614 0.3596109941850601
-0.49358917041417505 0.11275184697762676
-0.005029964067564584 -0.5014823751390081
0.8278715251846623 0.5846291674051263
0.5899550915908859 -0.12711596914162673
-0.14970652328283915 -0.3975638171596307
-0.45243429850774736 0.17738812444486018
0.021694713195558844 -1.0472749573109632
-0.410606072568465 0.27044736262811664
-0.3305812162492204 0.368066394734731
-0.28775661857177537 -0.40305806114593573
-0.12152468587015978 0.9608221681752975
-0.40313350422861033 -0.33128245177837823
-0.520677041937368 -0.13267208968712643
0.36418280257379515 -0.9274308427881911
-0.00290778158048266 -0.5106334864223262
0.3270383157061356 -0.3999925598287183
0.9018759646350515 -0.08109497113007902
0.37683106013033485 -0.39204538663272065
0.05798884392935917 0.49022958013062035
-0.49208850626710904 0.04543937352733353
-0.5117984760063217 0.07625975225044773
-0.17787309555913997 0.9163786868520545
-0.808924330995908 -0.6443218368130643
0.896415848019988 -0.6208095403223398
-0.3068188600287691 -0.39871509957342544
-0.48084349637964546 0.7777974567482081
-0.49613244299159065 0.01551712366292643
-0.8710717752397485 -0.35669311154969285
-0.26177081478659303 0.3706103139008193
-0.22245776361030817 0.3678967265841953
-0.27969940998616155 -0.4216491229366636
0.47682887143461017 0.2647461315952346
0.5143154062887815 0.1004226436482075
-0.20182252101290651 0.4511038399041138
0.09039864391594189 1.0429895164896044
-0.04822076191260857 0.9697510055328604
0.047209230475372795 -0.9359627540653699
0.33440079618443774 0.3834497468613711
-0.7777664514087927 -0.5608202852361045
-0.9385559156916381 -0.49921174157815734
0.9999347233814989 -0.30994750569981455
-0.3625162792758714 0.38312478657303173
-0.3816226919778713 0.9332554734077626
0.704122594635413 -0.7475254502864673
-0.43822163092384936 -0.32442032691174993
0.5185591877218062 0.11323857106764727
-0.5558857779023978 0.7775503029072788
-1.028149899572453 0.08994846669343134
0.528917097487486 0.12839769090334407
-0.9170912026573318 -0.34478347331898507
0.48238178871490694 0.9406831003169469
-0.18804086596460456 1.0150158221221537
0.3186696720695243 -0.35125833119653443
-0.42200140418182225 -0.05204645852873125
0.1535125306992933 0.4805983331293016
-0.5027139765613582 -0.9361972287775497
-0.33767241859294894 -1.0274386745556314
0.629164290607526 -0.8128421854911437
0.639853319843453 0.8301071518743424
-0.6594572477338657 -0.6981965521382428
-0.17201371560575895 -0.49038768760877527
-0.09133720908460317 -0.9756542262408349
0.40489795604141327 -0.34349331825538515
0.49504442945896515 -0.8303823480745894
0.6383688925739103 0.7607057340734773
0.4957015652431765 0.10645831657234844
0.2226599924014252 0.9340781938032026
0.4444907734826795 0.24425643178254627
0.09706716993971926 -0.9310620873230528
0.4969151478023054 0.13041782850831285
0.4421820553453348 -0.35363081167571186
-1.0230944399167567 0.2428846438100271
1.0335214263103674 0.14576060151523434
0.5236965575006683 0.8415047505699575
-0.21556103587420689 0.9967876173676234
0.10183528901489357 -0.6016715905996213
-0.9972329549550352 -0.12461921377253575
-0.20245488028337477 -1.0223259417639805
0.44090940431676906 0.3058997073784836
-0.13765112376705976 0.48346318929686355
0.10558814240650352 -0.5480949770867731
-0.12428327015537526 0.5400810424085435
0.3041083964971371 0.4853018801290866
0.11991382773737197 1.071400429946625
0.3685097394599072 0.39593855945632656
0.4929279084379416 -0.17423250137227658
-0.8643135341239848 0.5015929386091057
0.6694757795560802 0.7464131072356645
0.6671074773282393 0.6292747119663803
0.5263016941084675 -0.8821107605126374
-0.4511160368969882 0.30657088611710026
0.45540029690050293 -0.06175063426728778
-0.9961021830035143 0.2952363954640165
-0.5130803862448896 0.23464351653054416
0.8325094259692637 -0.5485909200101162
0.2072007483307618 0.5024495572819268
0.516579061983389 0.09837852705971965
-0.6944156358344499 -0.8130608705124368
0.4896819440650596 0.21233798297417353
0.4961890483566011 -0.03118398022885935
-0.5929176445122596 -0.7483562363525039
0.9087953571148141 0.49869037543505945
0.6397689899270865 -0.776359829433592
-0.3734815138745343 -0.3073714395295789
0.32752097606881125 -0.8744725220009025
0.1853628099914238 -0.9922154134603588
0.8317837934373365 -0.5674171194775122
-0.4839069095694038 -0.17364839355851952
0.24718940676202641 0.39133759026516735
0.023421975342931604 -0.40355944094090246
0.40949050989638974 0.14745341305179918
0.6223937723778283 -0.8526296560244264
0.5075739460698963 -0.9050015806333062
-0.2104005495812719 -0.9577848716026897
0.2629556381386767 -0.3954067542669699
0.8375445625544494 0.5039703214679144
-0.9522471794099643 0.17218706134144024
-0.42669480326614895 -0.23921086206696554
-0.44194046720444713 -0.014850182466570938
-0.7580199839992382 0.7668624069540484
-0.7296614881541286 0.6646615040548167
-0.2395576693632093 -1.0414153875732475
0.49887502851013066 -0.8501927578767517
-0.31709011805806553 0.32626988732385487
0.2738921418954978 0.41262236784506373
-0.032072430555535394 -0.49619684469518943
-0.30825903376824565 -0.43174969248895334
0.21150210956547677 0.8877423223249159
-0.3876584681028372 -0.21452958385806403
0.31340874266478785 1.0179723241610619
1.005305515004108 0.21646291562836917
0.41324799902645426 0.8920387560489611
-0.809681856713794 -0.5170409420721763
-0.42718433795750516 0.2643232874344769
0.9693835825123643 0.102686137608518
-0.47345074772491186 -0.3326012418039679
0.323078392668357 -0.23514193192442429
-0.322412208698074 -0.27936262537740436
0.31841509035837634 -0.4134150049417967
-0.0841426904930643 0.5841883147861165
1.065489175615288 0.10304856243832321
-1.0110489619779697 -0.16523564184659792
0.5560075527670668 0.20932041037029578
-0.4414975427573854 0.09279561423251595
-0.9747933479023422 -0.4595059410972051
0.4472428605513324 0.9109621771573368
0.4602372715478883 0.22622225856269576
-0.6696485601655968 0.7908994629992339
0.34573251351491496 0.20761135279539614
0.6406367462900048 -0.8351175464179263
0.018468804472980924 0.4820738500855852
0.53174431291423 -0.12362911427048393
0.3962153594654938 0.16503652879723862
0.17907155827997823 0.4904174515259565
0.17735868076764974 -1.0115830688271352
0.1678921871490662 -0.34130898866555553
-0.5624404533618499 0.8520642333758839
0.7620790019288248 0.5301712430913086
-0.03813315058409113 -0.9872831849633446
-0.9805440692264374 0.4538319500903225
-0.9797933998275881 -0.04550424305288049
0.18779975983429897 0.9885305365299265
0.5222270305535183 -0.8059164069929756
-0.1816231681172638 -1.0602948188923997
0.3640345104804228 -0.950103103409678
0.013828820899194787 0.49405008605201145
-0.7445891639130929 0.5575600118755953
0.9568383618208166 -0.2991761830853759
-0.31096071505174483 0.345605944997638
-0.18412339131997882 -0.39360548074517404
-0.9558649350083842 -0.3657283607653154
0.9701218261153526 -0.29850497054128866
0.2507818260909198 -0.32469842299242374
-0.2150484612373597 0.3745409400964928
-0.31915919746346555 0.17981129494165818
0.136045569021266 0.44742470397567663
0.03407724187966942 -0.5177005349812813
0.8142401440899584 -0.5024220546998487
0.12809096961825706 0.47512754706777827
0.4629553650885626 0.0373478338214365
-1.0633987161014993 0.20893043289174404
-0.5996013407162503 0.19372790591569433
0.744885746649068 -0.7840820704160136
-0.9993585336317662 -0.16123786511829094
-0.529812347058379 0.2707463161610832
-0.48943408262223326 -0.2502974573965326
0.4435427877986057 0.3115221899495594
-0.15649977755074057 -1.0206600923698612
-0.3211541146385744 -0.36233960421477873
0.7260486405533902 -0.6562124914393449
-0.1878472692400575 0.4071478193420621
0.3730756263084775 0.22194564424853813
-0.11490256156664794 0.4228169485914808
0.8991651462584512 0.47131147100225473
-0.3580801205230008 -0.9679302185243719
-0.80798794632117 -0.5374502280553628
-0.22530599327181888 0.47816147655855223
-0.025611893530864085 -1.073557959113304
0.2745027407848942 0.9307990937228108
-0.7236767040593719 -0.8269754621105941
0.9949445458411598 -0.061374784915820144
0.025215486244062262 0.46742351796673537
-0.4821615934858291 0.0015309656172939213
0.9106195655285984 -0.3349752338477219
0.45977266317100807 0.2984824539778438
-0.2713697940848727 -0.369934006463468
-0.7073999506927204 -0.6473364910710718
-1.0321086641965926 -0.07681829662957841
-0.37682399761858465 -0.20695530866153994
0.6367060045965437 0.700479925063242
0.9433900845706187 -0.10625658132593205
-0.5593775628842026 -0.8275835470678106
-0.1785320042348954 -0.4319903462402692
-0.8284495131180338 0.5520681434892253
-0.38507873272387166 0.22020057056054657
-0.4764392540430191 -0.1296603607828603
-0.2824836200075596 -0.9659934729543818
-0.8498789004562941 -0.5127530044296884
-0.38745994458064054 -0.36005157612536937
0.15659285400162076 -0.4351918888233912
-0.9402666298600556 -0.4284929059755934
-0.23474889762992768 0.44520010037545815
0.09202724149902163 0.5128699579687926
-0.9008407422747063 0.512795517877311
0.34608821045241334 -0.3967223318228931
-0.431634215400019 0.9879893911052848
0.13470960908849955 -0.48908438695728623
0.3719649204907039 0.9644473499596788
-0.4768650474294609 -0.14934206651453033
-0.3751449727969999 -0.34972180720522955
-0.5397952442380484 0.11946368588848788
0.283162271790192 0.43286029017419875
0.1420315877013714 -0.4954689696926526
-0.9515745536925035 -0.28262555513398463
0.9642322512731967 -0.19506857627022453
0.9264812309409164 0.2569710087066657
0.14564817790352125 0.5117355759186942
-0.575238247566576 -0.010935784768498102
-0.9865782301038011 0.15930228498986834
0.39275224744091236 0.3227014818425811
-0.47462664460649245 0.131169940307568
-0.326036601310447 -0.4955794300477881
0.3937302410719009 0.350286914017313
0.40351204823644743 0.9592560962942442
-0.4788513592406999 0.8640081842428303
-0.3760726887746071 -0.20372379817138558
-0.03531139346366323 -0.4623512792683
-0.14320591083484352 0.41502776400810804
1.0029999573395763 -0.19407037755509632
0.4163670638546374 -0.04847621345711895
-0.9154252861653066 0.26100033693482977
-0.02833219545170801 -0.407590255657273
-0.8567994852485757 -0.43899022212949146
-0.2213694480590751 0.43904142413454295
-0.9805710448829854 0.3885227248573523
0.21892860472315906 0.4449205473372909
-0.014401513911713307 -0.4813271204658065
0.7851671231340497 -0.45382672266867397
0.07692386323994856 -0.9314140309728447
0.28734185302323767 -0.41007152120299234
0.2549682203466255 0.46054116104118653
0.31467665994006255 -0.3724425440944812
-1.0096349653665673 -0.21765314336267694
-0.5713728693446766 -0.12865060604722672
-0.380572373586196 -0.20082654807415615
-0.44339755949192255 -0.8976443895482557
-0.9488105661390749 0.29920398729225633
-0.029212329495342502 1.0663077413537598
0.3395620440030827 0.23121311136721426
-0.9165992930281658 -0.15151637310150365
0.9959434067363817 -0.09850635405207293
0.9167206470805618 -0.4041793462465154
-0.004547329614311549 -0.47696098958050154
-0.4553501963039128 0.26117213181411864
0.7942301438564483 -0.5971211895602722
0.8078955862641563 -0.5907311795730961
0.5112414075842818 0.08694756466890477
-0.14980374017070794 0.41565109373417364
0.7265000030084962 0.5994152657102018
0.8888174640351593 0.5407260182839032
0.4414061439273044 -0.38426589880903167
0.41111950724161933 0.2157321882309257
0.08622594276468472 1.0379516508920958
-0.866265468875084 0.40609334089017546
-0.10995823202529038 0.6307239432502163
0.2950721319765734 -0.5112263699661876
0.8459937933476217 -0.4929109106760523
-0.3706216598140997 -0.20490031476454226
-0.3942575004223891 0.9231595547181649
0.27819908770690177 -0.4565613119086196
0.8863071906653945 0.32394779790373773
-0.7424048546073415 -0.719384131721452
0.2663606189560965 -0.3629758667237632
0.27503863097220926 -0.35384947019624946
-0.6307995538335485 -0.7972735426928332
-0.46140808583391546 -0.8368589038796077
0.467474502574814 0.8147045007848226
-0.04738248031391179 1.0785214081945116
0.6160142474106943 -0.7437954715986005
-0.8233354645539623 0.5110098053781521
-0.9707231065005086 -0.27455072231515576
-0.12324941823156077 -0.5004550024652549
-0.41971091798551574 -0.356501310464508
-0.9400553991971942 0.21622695029098327
0.2726317906483101 0.9627977131084055
-0.6482410940997273 0.7931602101650901
-1.0078155026306534 -0.1195181724840863
0.050338951085589514 -0.42270041655748375
-0.010178809145107423 0.9442362406955533
0.4364467399891682 0.3581350235572314
0.2583953921644562 -1.0436507843945388
0.5040541626595142 -0.06444021106060828
0.1958189916876976 0.5001442274812096
0.8679055566771241 -0.4054159111663291
0.3143450884835741 0.28989219858981524
0.1626515246432617 -0.4728039511729118
-0.3929754397485329 -0.308555704859064
0.5136155723597408 -0.02854523296294005
-0.08646067780068167 -0.9433361969109815
-0.2664894904913782 -0.46593767778007683
-0.8044157908273624 0.6413168877549307
-0.8182334768776589 -0.522237669234353
-0.07664278542660166 -0.47219050488684994
-0.91461663799392 -0.4918345505595601
-0.5948313476248633 -0.6859254911177266
-0.9946903849762909 0.048915414502637186
-0.5317097346987179 0.05259399407453548
-0.2226910149569123 -0.9112276480980418
0.5488088712667359 -0.8132949883310899
0.8402566959669322 -0.4747063495764212
0.9355318468654807 -0.4218336815171648
0.7783112377218662 0.5596582592041456
-0.33534004685392804 0.32867197612484644
-0.13454632537113312 -0.4699475090248013
-0.973490999241822 0.10412245065416403
-0.35027417236677544 0.33785546686419354
0.5009162300725898 0.060397804740254454
-0.018901573749238287 0.4781352428851771
-0.14435672916915127 -0.9921871566765125
0.4897701593913778 0.23269872770538438
0.6543512435093205 0.7265553214092085
-0.8792615109440495 0.48544097241842304
0.6079745785747029 -0.7798387624247801
-0.6668354852109939 0.7725868157102659
-0.18392192495722703 0.41683516373052587
-0.55031770748115 0.9521891539172812
-0.19011082239960728 0.9352042293632878
-0.9853934412386834 -0.05248193067313491
-0.079082362552927 0.49919338038056543
0.4041670745683753 0.9441738442099051
-0.8858073793638239 0.5036363024729765
-0.4468864692680246 0.2820127031558196
-0.7119419754473396 0.6630261651107419
-0.39387572900227935 -0.9020864413601573
1.0299516610005544 -0.07388963559317252
-0.961256412265369 0.43649948794689875
-0.5191046635279644 -0.05495393421315456
1.0075956818881766 0.07923492246629113
0.08276752089981616 -0.5451386243834511
-0.6016180511102996 0.8440543338871203
0.47899547880040455 -0.08085385424817303
0.9362731127136483 -0.4897160574471052
0.3713992024394132 0.31856528377171756
-0.40242144573794586 0.3431908824776786
0.021506893990714232 -0.9805330676888967
0.9468684025307303 0.3477672024654237
0.9142012966150438 -0.21979068904078675
-1.053905164153986 0.1645080956712253
0.7993756826250231 0.6660317269859535
-0.2701024741651018 0.46318833329734166
0.7503590377300491 0.6378907908325145
0.5290033080111425 -0.1031805859894675
-0.279931124850099 -0.3422638734332146
0.5031474463068191 -0.07673698242763764
0.38445982868534384 -0.9851792919302904
0.03778095140713088 0.525542483064424
-0.7561715560574301 0.6461797944410999
0.05573781353595514 0.9599233840702284
0.5237335439261624 -0.28365891409303146
-0.39864315309576204 -0.5293882479536436
-1.0001529478174949 -0.3060411503714696
0.42650388598811173 -0.027722556173916398
0.38303991296129836 -0.9339482168467876
-0.2987913916451802 -0.4863737634501907
0.4140708144770255 0.8531323571058047
-0.4757974491115152 -0.14520320250576613
0.7454184420020451 -0.5948779816600627
-0.3231411024467817 -0.9850253873624928
0.39039932336094435 -0.905630343044995
0.196885870534763 0.3421818080731734
0.9586706433496709 0.4843692631702402
-0.8065356613832337 -0.6455765433729739
0.7054670250349413 -0.7117121155998456
0.2369277736061733 -0.35273755047854755
0.40352338125054865 0.913231689837701
-0.48154564761217533 -0.022970399633821185
-0.27973628539143824 -0.4227415411382235
0.4317488202289403 -0.2621678120263574
-0.011250958174154495 0.47625277585253045
-0.9277106283454205 -0.2559726996056142
0.12274624740039604 -0.9096220575649149
0.4011419556807441 0.22139308869986957
-0.5328026262494793 0.03741082476000765
0.3430788974504635 0.366266280784562
0.23168728608163522 0.4685316391670263
0.19016903240943073 0.5225893276364144
0.4690130503656483 -0.17304467476747076
-0.47926166007803517 0.26174864471918513
-1.0263853991191738 0.03766509809824971
-0.17392864095315513 0.32491002926332
-0.2865700745325611 -0.9605353516876921
0.15344263647571144 -0.5288414920497784
0.9055208553365235 0.02493927982064115
-1.0084794289991807 -0.28879238333655505
0.2507376639930585 -0.9480696209468648
0.5916714231832316 0.831582616247933
-0.3684409664051899 -0.1296926336136156
0.4756105286127554 0.056897720288536444
0.7211907482437578 0.677149896081969
0.45554104158139586 -0.20136779045713793
-0.5841243275736561 -0.8118027812352542
0.43721165843002235 0.10649257829134844
0.5490501470558776 0.00013221962968862355
-0.7439573741100939 -0.7665553507702176
-0.4579833982233375 -0.1750632321124359
0.5532161021479524 0.02063636867421051
0.6615030165953775 -0.7331102061590895
-0.03156061314600345 0.9782769484750578
0.2479968717940948 0.5030312167198064
-0.18105527849039238 0.39044960531466427
-0.5112454892366008 0.06058364815747349
-0.06706628096730773 -1.0801131388500809
0.4637414788168459 -0.874713759242933
0.5057172114414481 -0.06251706192619587
-0.3267042570575209 0.8753513206876673
-0.7334809180878037 0.6155201358573623
0.9235723582357982 0.06678002266138584
0.8371585194469683 -0.4771610311500898
-0.978440281599905 0.3915978352487145
0.48621836795415274 0.09633447301928619
0.1778728510492858 -0.5513442498609235
0.3740739323519808 0.3547391846615888
-0.344164952040392 0.3736013124900272
0.4656475025009473 0.11770710770150206
-0.40819092743371116 0.8375548974904471
1.0097269228873675 0.28205224598590056
-0.4630976185852091 -0.27767607730008814
-0.5991326283058485 -0.8391437730926101
0.9460387705861604 -0.4341663829199943
-0.04061077427698615 -0.9417721406119977
0.3301834756516697 -0.31933900207936544
-0.30513653653285466 0.37221205239985444
0.9163214506192447 0.3987084074823652
-0.35361316735153997 0.32241795300773335
-0.8300856541317388 0.5036988725574166
0.23778681290472115 -0.4130063437880813
-0.6884249501530896 -0.6550242062518716
-0.09842242628427758 1.0566158152510448
1.0082797794008256 -0.024228584121101147
-0.9055248811311836 0.1739755096561487
0.16040506040776104 -0.4617642941762478
-0.7375951960376183 0.7161725725181887
-0.3564227486054011 0.9656010990315149
0.18874826863506391 -1.0283547562309816
0.9768442613156143 -0.2223151359612482
0.16353861954812227 -0.9944400293484468
-0.39330652567349766 -0.9042057483715502
0.9908267155112036 -0.10304260659112645
0.33916034442925636 -0.28802052134730627
-0.9153727896414545 0.2514533667262987
1.0263961254073202 0.046499671646930425
-0.3754895346792613 0.3608062009927328
1.0364492876804776 -0.06886395169815625
-0.18673881955536037 -0.39254327395028527
0.05137691347096919 0.988403819803796
-0.6656659865976823 0.7599278515537783
0.20217812243934627 0.4892901475465268
0.7208779472277818 0.5101122569567235
-0.35838421688796573 -0.39065017219181775
-0.39232463412131074 0.01914084140670609
-0.33459666951289824 0.3453121338845734
0.08003285227646825 0.5333117817795722
0.19144205109704535 0.9196380031577405
0.9262540750945923 -0.1211423966550147
0.45657993316974993 -0.21029463346096727
0.3391645403918192 0.3087844988053446
0.049705566208761424 0.49229188005847974
0.31537606254307815 0.46864907420197266
-0.10859957494283352 -0.530462821769542
-0.9236731109991718 0.3785310079881101
-1.044653730627027 -0.08582187786434636
0.4454880978857074 -0.37857962473402634
0.5604153388287327 -0.7340992807517205
0.38508878806159136 1.0141387072844703
-0.4398082404710294 -0.2912561445816967
0.9488047816529727 0.34519346262600276
-0.41451703496216374 -0.4071580574264527
-0.31500326242610943 0.41582175997712034
1.0218640753038843 0.169886076458197
0.9675754729506609 -0.18501413703043815
-0.880595857539273 -0.4939602181187662
-0.8782630378002679 0.5050475816327216
0.12579245760709235 0.9575284757817965
-0.19150957927895013 0.4908685318137214
0.416825718029312 0.3637529119605785
-0.9930781742109136 0.24767803756761267
0.34660206730828624 -0.9893480144239746
-0.26979194570254783 0.3861132448643411
0.9848247044453249 0.21965998221183386
0.34440645783458684 0.7501917991168473
0.9647994299513394 0.4299791637099056
0.8483604004763468 0.557812950932956
-0.244342551264066 -0.5059637486154579
-0.11846916829067128 -0.4274444008240842
1.022064755067704 0.13960153790561403
0.8111341713811333 0.5054157299142291
0.38812017831007883 -0.36223058789101065
0.4031324147555175 0.31009589529120607
1.0199037668852031 0.37865261954007323
0.3108615584150015 0.4024519151301257
-0.5500969038296731 0.15017948369720946
-0.8306619809450937 0.5641943574294401
-0.21340779410849942 -0.41571772189938416
0.4509860992842473 0.9208981227168853
-1.0026215764420188 -0.35926443643723394
0.3391983599546113 -0.2842952036805731
0.5548041882194978 0.7092641333043204
-0.09586622931433209 -0.48900333907427346
0.29495216945759284 0.43784464562822895
0.6050716969922414 0.8425399450552937
-0.7260458805952166 0.587162873873103
0.42416485443581026 0.08802358847543257
-0.5576954786525797 -0.7773972887724925
-0.7502748988931252 -0.5725306746075345
-1.0010998418700483 -0.362778576892288
-0.8864616338484637 0.41022677639603056
0.8811113557702409 -0.5426340966073101
0.6656005022132819 0.7108174195923255
0.1770127520508641 -0.3889533646893663
-0.5559246875629466 0.7968827318543622
0.32523729470646895 -0.45219536090012397
-0.3901389606401102 0.3349088367612069
-0.3012453393269833 0.40860444265032964
-0.7869504088091481 -0.6748396444523359
-0.4083560397490655 -0.21664330264436468
-0.7456772877872145 0.6243727653351095
0.18522256376556806 0.5123294792778254
-0.0321002697739641 0.5002400054868437
0.48594439939188505 -0.11969574415390644
0.028344801053716145 -0.9137557931020781
-0.2846274988204526 -0.9952532897260494
-0.2337005522842513 0.9089188005099049
0.46296055828760563 0.10917315586854504
0.9363675145205925 -0.028878858948782234
-0.08196017569867607 -0.9658006406806237
-0.15392466283684697 -0.504829826201575
-0.3790642498516618 -0.9552583251306307
0.25322201178673887 -0.4613254569608353
0.16603117428666814 1.0242275400397105
-0.008392901656185309 -0.5397651308694305
0.8812105550789757 -0.5223952833006524
0.8625057721250129 -0.5137264873130828
0.12254485352336747 -0.34693792460556294
