2.0785603250733136
2.5590562400912304
1.9785765724345594
1.9403876807083438
1.2042777425755116
1.902271632962833
1.9240197132008845
2.41848005836371
2.0130694834904435
1.9958525119492272
2.356711615098917
2.4331882701023875
2.2384921410065917
2.492395364875231
2.230669913685629
2.5338064732907193
2.1000496777727036
1.677808939299934
2.0957807508535873
2.2804746387603214
2.4369293179434015
1.6703730794451725
2.0474738263338894
2.060973607595452
1.812959692888675
1.8354726701710709
1.970723331084704
1.8464531060785137
1.864681361947441
2.2748097690345808
2.398401315452107
2.053504877162026
2.2316803596326884
2.109503510916155
2.200146073608649
2.1271438338437387
2.02271758188
2.405134395934108
1.8013471929625
1.5569143992570147
1.8508282465822778
1.5625213556975543
2.192554469583253
1.683080220785863
2.6166392451945395
1.8828107113152877
2.0072614912619797
1.7277819577153242
1.929730911271803
2.1184989258658202
3.6554406649479234
3.7607928694629313
4.262164088208007
4.309193359867175
3.846350560037583
3.7250581051921285
3.7251529757690562
3.8356206622081173
4.2929732599871055
4.108091761349186
3.5934379741998876
4.120365882457596
3.998258824539535
4.03095080098221
3.8034122829409305
3.600306856727045
4.199774102039664
3.97602574050527
4.2968340421124696
4.457969180818546
4.352730984846665
3.978490346419726
3.5263250989524972
3.8321379562977524
4.559563233825627
3.9284056312416467
3.93919247469808
3.8378937140904976
3.572795326078651
3.931130917880638
3.615858608349401
3.950185756422333
3.77777342078137
3.525273107751042
3.9943360099704894
3.2159312350825693
3.882421970898903
4.4784966406308495
3.731735715237042
3.740498170853073
3.636555569836324
4.188791814943706
3.9701028467300907
4.175881684368204
3.73242313289615
4.083986621933871
3.8565325919594122
3.9034829641468396
3.333168829282712
3.8515165381293746
6.327218272458392
5.825851543204072
6.23201269141587
6.149984877898183
6.2832475575656925
6.200068920311927
6.135434680152672
6.577343115543584
5.999311570641613
5.7148758270141355
5.58253522841962
5.297265176915855
5.756352750443388
5.700685270062106
5.789419838601641
6.204527783104568
5.835920323294002
6.19902832517016
6.153559834740634
5.815964673623784
6.191570913442884
6.129467809087607
6.0656123831917945
5.995137502104515
5.806950836096241
5.948212527819957
6.6584763672393485
6.005104119666796
6.055340453028646
6.47591703904847
5.322199571972558
5.876748130845155
6.208168497944957
6.006439070481018
6.022833477576711
6.096560856375814
6.321656592457022
5.763475901300511
6.02446618245303
6.127986140700236
6.450532562032985
5.799975167950667
5.179081702406437
5.317935159344533
6.09093808252878
5.308603508273554
5.783329465807043
6.102480894885603
6.520201947488354
6.332482883498511
7.922434935659236
8.294895684253904
7.994217943971838
7.850447396084531
7.929785222998504
7.740531546696197
7.8129687325459685
7.833582387895384
7.840140452858197
7.5372285925570255
7.8685188775111214
7.5655488579951164
7.86484925078671
7.943951154517768
7.711441540435034
8.158885493069791
8.2535357872442
7.8843546365609765
7.920956464053457
8.194365280374894
7.734567503881722
8.005323479442294
7.747361854983047
7.782284945679191
8.059939485367881
7.900836295690106
8.369319653890814
7.990238014789718
7.92952357681353
7.8842084462894135
7.835526354090099
7.954330198964435
7.781126401428234
7.424394497676133
8.158929816777425
7.454055654840404
8.213564941388997
7.868732168744873
7.616702557654975
7.68710169083991
8.3076704765631
7.851406878313338
8.720865075928229
8.276011692257564
7.970883362779817
8.322181080029251
8.151814525500564
7.481286796837836
7.769690315547058
7.920241909151046
