1000
 8.443314e-04
 -1.659406e-04
 7.356733e-04
 -1.424767e-05
 7.514820e-05
 -3.938779e-04
 5.558877e-04
 -3.768361e-04
 -9.461781e-05
 5.903356e-04
 8.068949e-04
 2.674893e-04
 1.319948e-03
 2.019603e-04
 7.087976e-04
 1.097676e-03
 2.894987e-04
 2.308322e-04
 -1.597371e-04
 3.222383e-04
 1.254564e-03
 8.965259e-04
 -2.864616e-05
 6.926264e-04
 -2.082607e-04
 5.542892e-04
 1.352026e-04
 1.924706e-04
 2.428751e-04
 2.927925e-04
 2.312920e-04
 6.680458e-04
 1.200331e-03
 5.657484e-04
 -2.570664e-04
 1.370634e-03
 -1.671121e-05
 1.273300e-03
 -2.620907e-04
 1.350179e-03
 5.429825e-04
 1.128434e-03
 1.308601e-03
 1.859997e-04
 3.024160e-05
 1.935195e-04
 3.470137e-04
 2.751104e-04
 1.193422e-03
 9.116956e-04
 -1.640540e-04
 -3.174670e-04
 9.460620e-04
 -2.983064e-04
 9.101362e-04
 1.017657e-03
 2.344580e-04
 -1.472924e-04
 3.541890e-04
 1.304263e-03
 -1.630747e-04
 -8.547948e-05
 -4.086300e-04
 9.652560e-04
 -1.137786e-05
 6.240284e-04
 1.085118e-03
 9.722083e-04
 8.517780e-04
 1.241718e-03
 1.141993e-03
 3.803571e-04
 1.291157e-03
 8.831736e-04
 -1.579507e-04
 -1.420211e-04
 2.677694e-04
 8.951853e-05
 6.514921e-04
 1.027296e-03
 8.264715e-04
 1.388077e-03
 1.186592e-03
 -1.608935e-04
 1.310583e-03
 5.321812e-05
 -1.454345e-04
 3.316506e-04
 -3.833906e-04
 3.468381e-04
 4.999076e-04
 -7.111147e-05
 2.407685e-04
 8.250631e-04
 4.262308e-04
 -3.437404e-04
 2.097425e-05
 2.537344e-04
 4.006348e-04
 5.676000e-04
 1.042734e-03
 3.581650e-05
 9.780844e-04
 -4.268701e-04
 1.066536e-03
 4.569466e-04
 3.812194e-04
 1.021943e-03
 8.715096e-04
 4.333195e-04
 -3.357407e-04
 -3.277474e-04
 3.400407e-05
 1.362575e-03
 7.352119e-04
 1.352668e-03
 5.559919e-04
 8.352328e-04
 -1.415528e-04
 3.517277e-04
 -2.826969e-04
 1.202197e-03
 -1.059875e-07
 -2.597431e-04
 1.037340e-03
 -1.026413e-04
 4.329495e-04
 5.339877e-04
 2.747319e-04
 1.191728e-04
 1.377931e-03
 3.492999e-04
 2.377395e-04
 -1.746372e-04
 -3.079562e-05
 1.182451e-03
 -1.599724e-04
 -2.958150e-05
 5.366019e-04
 -4.030390e-04
 -3.579918e-04
 7.769008e-04
 1.324945e-03
 4.702318e-04
 1.141644e-03
 3.515044e-04
 9.742817e-04
 7.438992e-04
 4.313874e-04
 4.990601e-04
 -1.556613e-04
 8.533508e-04
 1.289692e-04
 4.157465e-04
 1.159695e-03
 -3.647393e-04
 6.551377e-06
 3.658321e-04
 2.327915e-04
 1.116972e-03
 8.944924e-04
 1.340083e-03
 1.291881e-03
 1.092063e-03
 2.851139e-04
 3.830438e-04
 7.379545e-04
 8.500592e-04
 1.074499e-04
 1.108433e-03
 6.005393e-04
 2.399811e-04
 6.615957e-04
 9.409455e-04
 1.731089e-05
 6.395296e-04
 9.238520e-04
 -3.680066e-05
 -2.002161e-04
 5.269432e-04
 -2.766932e-04
 1.261523e-04
 -2.209889e-04
 3.419191e-04
 -1.055989e-04
 3.981402e-04
 1.258666e-03
 3.494562e-04
 9.767097e-04
 5.022866e-04
 -3.699686e-05
 -3.124139e-04
 1.068578e-04
 4.081721e-04
 1.016066e-04
 5.456445e-04
 2.744802e-04
 1.116042e-03
 2.557675e-04
 -1.445554e-04
 1.389411e-03
 1.263312e-03
 6.738188e-04
 1.718767e-04
 -1.287192e-04
 1.100576e-03
 -1.975451e-04
 -1.368557e-04
 4.913438e-05
 7.444914e-04
 6.764903e-05
 6.166705e-05
 3.725183e-04
 3.257900e-05
 -4.924234e-05
 -4.108495e-04
 -3.017214e-04
 5.621665e-04
 -1.934381e-04
 9.806610e-04
 -2.870963e-04
 1.017753e-03
 -1.349232e-04
 4.794925e-04
 3.357959e-04
 -1.726117e-04
 -5.732671e-06
 9.450288e-05
 5.225875e-04
 5.638836e-04
 -7.937809e-05
 -1.694170e-05
 -4.948968e-05
 9.590279e-04
 7.058785e-04
 -1.731897e-04
 8.743102e-04
 3.980586e-04
 8.686082e-04
 1.026325e-03
 5.230149e-04
 7.691793e-05
 -2.178969e-04
 5.111385e-04
 3.224216e-06
 3.442456e-04
 1.112934e-03
 6.072619e-04
 7.599096e-04
 2.973396e-04
 6.571199e-04
 5.169148e-04
 1.147936e-03
 1.145340e-03
 7.339976e-04
 4.330150e-04
 9.676921e-04
 4.715590e-04
 1.245204e-03
 7.668727e-04
 5.176602e-04
 1.165191e-03
 3.982853e-04
 6.373159e-04
 8.214284e-04
 4.861797e-04
 1.186213e-03
 6.471582e-04
 1.239612e-03
 7.055056e-04
 1.424279e-03
 9.523543e-04
 1.553990e-04
 -2.007623e-04
 6.822190e-04
 7.233108e-04
 1.177508e-03
 1.024174e-03
 3.175323e-04
 4.314863e-04
 -4.231362e-04
 -2.437429e-04
 6.373048e-04
 3.144263e-04
 -3.616779e-04
 1.752863e-04
 -1.725074e-04
 1.230295e-03
 1.236986e-03
 1.351971e-04
 1.294967e-03
 4.941934e-04
 6.458932e-04
 -5.385885e-05
 8.514273e-04
 3.985206e-04
 1.302260e-04
 1.083512e-03
 1.792204e-04
 9.139021e-04
 -1.601805e-04
 -3.343103e-04
 8.019873e-05
 1.043260e-03
 1.201963e-03
 1.432960e-03
 7.446585e-04
 -1.562738e-06
 1.016018e-03
 8.815812e-04
 1.014970e-03
 1.120692e-03
 -3.687126e-04
 1.065684e-03
 -4.388018e-04
 1.300925e-03
 -6.737964e-05
 1.195332e-03
 -1.293563e-04
 1.014135e-03
 7.439901e-05
 1.679543e-05
 -4.029162e-04
 5.352946e-04
 5.710500e-04
 9.815882e-04
 7.247231e-04
 9.131199e-04
 7.750552e-04
 3.634978e-04
 -3.447700e-04
 9.626145e-05
 5.334271e-04
 6.688991e-04
 1.224291e-03
 5.041730e-05
 -4.698808e-05
 7.477610e-04
 7.273668e-04
 9.943480e-04
 9.701396e-04
 -3.759926e-04
 -5.901036e-05
 -2.999412e-04
 7.371807e-04
 -3.044279e-05
 -6.098590e-05
 1.382520e-04
 5.412393e-04
 1.177032e-03
 4.473895e-04
 4.743854e-05
 5.298677e-04
 -1.585815e-04
 -1.566693e-04
 4.027167e-04
 -1.896939e-04
 1.553342e-04
 7.467237e-04
 7.399922e-04
 1.146745e-03
 -9.455647e-05
 -3.114703e-04
 1.192720e-03
 1.287158e-03
 7.197922e-04
 4.966379e-04
 7.345016e-04
 -2.833960e-04
 2.142814e-04
 -6.432488e-05
 1.256699e-03
 -1.604300e-04
 -3.167961e-04
 3.541428e-04
 -5.854667e-05
 1.847017e-04
 2.701872e-04
 1.762282e-04
 7.825967e-04
 3.318755e-04
 9.919386e-04
 1.354453e-05
 8.033874e-04
 1.278520e-03
 4.477625e-05
 7.596330e-05
 3.024244e-04
 6.719871e-04
 1.591333e-04
 -4.154952e-04
 1.425384e-03
 6.084746e-04
 4.795438e-04
 1.312314e-03
 7.729991e-04
 1.851878e-04
 2.827558e-04
 -4.672452e-06
 5.473915e-04
 3.483061e-05
 3.247736e-04
 9.087383e-04
 6.929791e-04
 -4.670795e-04
 1.008873e-03
 -8.499139e-05
 3.851945e-04
 5.752779e-04
 -4.377088e-04
 3.019830e-04
 -4.197487e-04
 9.842937e-04
 -4.100543e-04
 8.951197e-04
 2.083337e-04
 4.702399e-04
 4.033429e-04
 -1.800732e-04
 4.963153e-04
 4.571407e-04
 8.710796e-04
 -2.648234e-04
 1.302563e-03
 2.638212e-04
 -1.780351e-04
 8.229691e-04
 3.811056e-04
 1.437136e-03
 8.932827e-04
 6.468600e-04
 5.643340e-04
 7.089851e-04
 -1.025267e-04
 -2.604605e-04
 -3.900252e-04
 4.958457e-04
 -1.881630e-05
 3.357843e-04
 1.267131e-03
 4.226353e-04
 1.081597e-03
 -5.787277e-05
 1.336735e-03
 6.963616e-05
 -3.266453e-05
 3.459921e-04
 9.848277e-04
 1.467007e-03
 -2.342893e-04
 1.293525e-04
 -2.399005e-05
 1.052981e-03
 1.150968e-03
 -2.862812e-04
 7.053589e-04
 7.590383e-04
 2.727286e-04
 3.071473e-05
 8.136267e-04
 1.555721e-04
 1.194391e-03
 1.162149e-03
 -4.857894e-05
 1.229899e-03
 -3.874085e-04
 9.590771e-04
 -3.277653e-05
 1.204334e-03
 -3.140496e-04
 7.247783e-04
 -1.433158e-04
 1.206582e-03
 1.316267e-03
 2.215304e-04
 1.368007e-04
 2.998706e-04
 3.297416e-04
 -3.224010e-04
 -4.280512e-04
 -1.337520e-04
 9.848203e-04
 1.188408e-04
 1.206800e-03
 1.998979e-04
 1.290847e-03
 1.047985e-03
 1.145092e-03
 -1.075631e-06
 7.485748e-05
 1.061293e-03
 -1.558785e-04
 3.420052e-05
 1.314576e-03
 9.894007e-04
 1.190651e-03
 1.090375e-04
 1.579250e-04
 1.127029e-03
 6.656178e-04
 1.223944e-03
 3.510031e-05
 -3.620826e-04
 1.243384e-03
 4.753538e-04
 1.190669e-03
 8.192754e-04
 2.847951e-04
 -4.133737e-05
 1.095135e-03
 6.251013e-04
 5.534544e-04
 1.264320e-04
 8.157261e-04
 2.140204e-04
 5.532722e-05
 -2.450509e-04
 1.231407e-05
 6.913664e-04
 7.008301e-04
 1.027536e-03
 7.286653e-04
 1.346350e-03
 1.062169e-03
 7.240685e-04
 -2.009759e-04
 4.534217e-04
 -1.266711e-04
 2.014056e-04
 -4.410119e-05
 -1.090196e-04
 6.830287e-04
 1.250850e-03
 1.182651e-03
 -3.369161e-04
 1.159300e-03
 -3.696612e-04
 -2.320801e-04
 -1.996330e-04
 3.679829e-04
 8.255716e-04
 7.532615e-04
 7.370414e-04
 -3.000295e-05
 -3.363439e-04
 1.455721e-04
 1.388559e-04
 1.253265e-03
 9.955329e-05
 2.808821e-04
 -1.924787e-04
 6.301911e-05
 8.148585e-04
 7.725440e-04
 2.943108e-04
 -7.729010e-05
 4.790328e-04
 -2.084160e-04
 -3.965027e-04
 -8.545559e-06
 -1.007046e-04
 6.726803e-04
 -6.987607e-05
 9.013812e-04
 3.561753e-04
 1.132841e-03
 1.031720e-03
 6.881321e-04
 2.191302e-04
 7.274242e-04
 1.402404e-03
 1.114550e-03
 -3.573452e-04
 8.912092e-04
 -3.998792e-04
 2.259766e-04
 -1.954577e-05
 6.469629e-04
 1.081195e-03
 1.842860e-04
 5.506071e-04
 -2.136322e-04
 4.994670e-06
 1.338706e-03
 1.314398e-05
 -3.425144e-04
 1.009045e-03
 -3.327481e-04
 1.440258e-04
 1.109038e-03
 1.032364e-03
 2.503454e-04
 6.878062e-04
 -4.115911e-04
 7.490662e-04
 1.100583e-03
 2.210614e-04
 9.555512e-04
 -5.058468e-06
 1.023087e-03
 8.291102e-04
 1.091562e-03
 7.571250e-04
 6.318377e-04
 8.502154e-05
 -1.310619e-04
 3.416276e-04
 6.727425e-04
 7.701315e-05
 2.656434e-04
 1.299364e-03
 1.011254e-03
 -1.980536e-04
 3.075182e-04
 1.891045e-04
 2.004831e-04
 3.035477e-05
 1.418851e-04
 -3.644588e-06
 1.128650e-03
 1.169393e-03
 -1.075607e-04
 9.576782e-04
 -2.841196e-04
 -5.389897e-05
 6.680100e-04
 -7.856229e-05
 -5.545884e-05
 1.171497e-03
 4.402636e-04
 1.156295e-03
 6.660531e-04
 2.798979e-04
 8.254584e-04
 1.341244e-03
 -3.814825e-04
 3.700127e-04
 1.305901e-03
 1.245539e-03
 4.446223e-04
 1.015267e-03
 5.709897e-04
 1.024545e-03
 1.110464e-03
 5.318355e-04
 5.678429e-04
 -4.874431e-05
 4.321572e-04
 -1.855757e-04
 -3.917663e-04
 1.305852e-03
 1.059222e-03
 5.272019e-04
 4.109754e-04
 7.586239e-04
 1.507272e-04
 6.650678e-04
 1.053475e-03
 -4.969090e-05
 1.317885e-03
 1.282040e-03
 -3.683243e-04
 9.737150e-04
 9.390397e-04
 -4.171249e-04
 1.184420e-03
 1.260199e-03
 -2.142107e-04
 1.029408e-03
 1.109802e-03
 7.863783e-05
 1.250005e-03
 9.300466e-04
 -4.596811e-05
 9.729567e-04
 8.162045e-04
 2.612564e-04
 1.066257e-03
 4.436401e-04
 1.387103e-03
 1.497070e-03
 -3.000092e-04
 3.877210e-04
 9.169384e-05
 1.047493e-03
 -2.762819e-04
 -2.860507e-04
 1.445715e-03
 8.988552e-04
 1.245075e-03
 -1.739215e-04
 -3.759841e-04
 4.899489e-04
 7.417480e-04
 -1.451722e-04
 9.201820e-04
 9.411407e-04
 -3.636723e-04
 -2.827805e-04
 -2.386183e-04
 7.287345e-04
 -2.647387e-04
 5.766328e-04
 8.223726e-04
 -9.369142e-05
 1.159009e-03
 1.015218e-03
 5.894036e-04
 1.156664e-03
 1.208402e-03
 1.153923e-03
 6.922895e-04
 9.187658e-04
 -1.990214e-04
 8.938339e-04
 1.827314e-04
 9.328619e-04
 4.982044e-04
 4.075128e-04
 1.597748e-04
 -1.534843e-04
 -3.356640e-04
 -3.161178e-05
 9.186859e-04
 5.528200e-04
 8.023706e-04
 -7.444914e-05
 2.803146e-04
 9.155850e-04
 1.280358e-03
 6.494196e-05
 1.323633e-03
 -4.273361e-04
 -3.012491e-04
 -3.749772e-04
 -5.366713e-05
 2.987197e-04
 6.755872e-04
 1.096116e-03
 -2.074712e-04
 6.913768e-04
 1.828597e-04
 7.367343e-04
 1.189732e-03
 2.889975e-05
 1.297728e-03
 5.487041e-04
 5.113537e-04
 -3.447140e-05
 -1.600638e-04
 4.507287e-04
 5.079602e-04
 9.625261e-04
 5.123257e-04
 9.382544e-05
 8.465537e-04
 9.042455e-04
 9.559051e-04
 3.328208e-04
 1.371822e-03
 8.070856e-04
 4.551348e-04
 1.018185e-03
 -2.862247e-04
 1.110501e-03
 -3.414210e-04
 -1.135262e-04
 -6.678634e-05
 8.726490e-04
 1.231730e-03
 -3.864005e-04
 9.261340e-04
 1.202933e-03
 7.293038e-04
 9.909556e-04
 7.939419e-04
 -2.863531e-04
 3.504780e-04
 4.969049e-04
 -2.250946e-04
 5.977664e-04
 8.851280e-04
 -6.476145e-05
 2.362406e-04
 -5.744744e-05
 -3.789762e-04
 1.167670e-03
 1.217948e-03
 -4.011248e-06
 3.722818e-04
 4.168386e-04
 5.146969e-04
 3.347556e-04
 8.905893e-05
 8.746219e-04
 7.813099e-04
 1.034184e-03
 -2.610856e-04
 1.257658e-03
 -2.794039e-04
 -2.665439e-04
 1.219982e-03
 4.215701e-04
 1.145952e-03
 9.616898e-04
 8.025920e-04
 2.047229e-04
 -1.368913e-04
 1.034250e-03
 8.481836e-05
 -2.921408e-04
 3.665994e-04
 4.154911e-04
 5.091210e-04
 5.205571e-04
 1.199757e-03
 7.470077e-04
 6.772344e-04
 1.277170e-03
 7.883411e-04
 3.051237e-04
 1.394422e-03
 9.754201e-04
 -9.066359e-05
 1.284744e-03
 1.753634e-04
 2.852741e-04
 8.329733e-04
 7.300702e-04
 9.411039e-05
 1.187120e-03
 1.074135e-03
 1.169434e-03
 1.113963e-03
 6.958093e-04
 8.173986e-04
 4.908100e-04
 4.931067e-04
 7.853140e-04
 2.009610e-04
 -2.377523e-04
 6.948480e-04
 -3.291261e-04
 6.496135e-04
 -3.185128e-04
 -1.050545e-04
 3.685514e-04
 1.898597e-04
 1.231209e-03
 1.422014e-03
 -1.981550e-04
 8.135028e-04
 3.587640e-04
 1.007564e-04
 5.129252e-04
 5.011837e-04
 3.363246e-04
 1.248075e-03
 1.339124e-03
 6.927322e-04
 -8.177681e-05
 -2.064452e-04
 3.765756e-04
 2.676951e-04
 1.413998e-03
 1.067926e-03
 -1.399254e-04
 6.983460e-04
 5.127783e-04
 -4.060710e-05
 -5.282503e-05
 1.167192e-03
 -2.683709e-04
 1.082749e-03
 -1.842998e-04
 3.721759e-05
 -1.889101e-04
 1.252959e-03
 -3.554568e-04
 7.841387e-04
 5.359199e-04
 -4.174627e-04
 4.649592e-04
 9.286004e-05
 1.231969e-03
 1.073758e-03
 7.749462e-04
 4.645778e-04
 1.326105e-03
 5.908335e-04
 9.584032e-04
 5.476051e-04
 6.141188e-04
 9.811781e-04
 1.362466e-04
 1.396419e-03
 8.081781e-06
 9.128905e-04
 -1.040795e-04
 1.039985e-03
 8.968554e-05
 2.099248e-04
 -6.918291e-05
 1.317019e-03
 2.919898e-04
 1.356715e-03
 9.690852e-04
 -4.020788e-04
 1.439388e-03
 4.685118e-04
 4.102533e-04
 3.731828e-04
 3.306076e-04
 9.459521e-04
 4.869267e-04
 1.375419e-03
 1.257117e-03
 7.513980e-04
 8.224576e-04
 1.236437e-03
 -2.387071e-04
 1.242840e-03
 -2.146778e-04
 -4.104310e-04
 6.775213e-04
 2.552968e-05
 -3.657619e-04
 8.789824e-05
 1.058798e-03
 -2.946393e-04
 -3.924131e-04
 5.528041e-04
 9.769304e-04
 1.928026e-04
 -3.730784e-04
 3.589787e-04
 4.976387e-04
 1.216345e-03
 1.053910e-03
 -2.387096e-04
 1.071148e-03
 -1.014483e-04
 1.296487e-03
 -3.747504e-04
 1.557217e-04
 9.277353e-04
 4.692673e-04
 1.049887e-04
 -6.861294e-05
 -3.491969e-04
 1.625343e-04
 7.245608e-04
 7.458512e-04
 -8.681214e-05
 8.447629e-04
 1.069671e-03
 -2.942169e-05
 7.715017e-05
 3.580964e-04
 2.820824e-05
 -1.348358e-04
 7.333912e-04
 -1.429297e-04
 -1.947916e-05
 6.010198e-04
 5.728426e-04
 -3.865976e-04
 1.278217e-03
 -1.654418e-04
 3.773604e-04
 1.117020e-03
 4.681718e-04
 7.105101e-04
 -1.047534e-04
 4.920541e-04
 8.606002e-04
 7.740224e-04
 1.739830e-05
 -2.996644e-04
 8.212409e-04
 1.221601e-03
 1.206028e-03
 3.182836e-04
 3.150127e-04
 -2.087237e-05
 2.701302e-04
 2.577702e-04
 8.607296e-04
 8.884816e-04
 -1.118791e-04
 1.058156e-03
 1.253510e-03
 7.364966e-04
 1.125395e-03
 1.758419e-04
 7.246047e-04
 7.105034e-04
 1.059001e-03
 6.718223e-05
 -4.044687e-04

