5000
-1.593193e-03
-4.798771e-03
0.000000e+00
0.000000e+00
1.368957e-03
-2.547941e-03
1.213340e-03
-5.394100e-03
0.000000e+00
0.000000e+00
-1.078937e-04
-1.451782e-04
-2.975291e-05
-6.052179e-03
-1.265712e-03
-5.401929e-03
-9.254515e-04
-5.233838e-03
-8.078833e-04
-5.769000e-03
-1.232458e-03
-3.113821e-03
-2.275121e-04
-5.773186e-03
-3.089519e-04
-6.689480e-03
-1.761838e-03
-3.860275e-03
-1.079892e-03
-5.608598e-03
4.891400e-04
-6.194109e-03
4.530106e-04
-5.623563e-03
-9.180402e-04
-2.905018e-03
9.115603e-04
-3.025187e-03
-1.406149e-03
-3.188619e-03
1.663207e-03
-4.079630e-03
1.348278e-03
-3.256109e-03
-4.195016e-05
-1.028633e-03
1.134491e-04
-6.181398e-03
-1.184395e-04
-6.455869e-03
-3.986057e-05
-6.425820e-03
1.154078e-03
-5.461928e-03
-9.573976e-04
-4.357498e-03
-8.050977e-04
-5.768951e-03
-1.021002e-03
-4.545417e-03
-7.047727e-04
-2.507873e-03
-1.052308e-03
-3.621147e-03
2.310543e-04
-6.627388e-03
-5.459847e-04
-2.150064e-03
1.117064e-03
-2.388944e-03
4.851518e-04
-5.725013e-03
1.621432e-03
-4.568498e-03
-1.561999e-03
-4.875987e-03
5.404085e-04
-3.199150e-03
8.768253e-04
-4.282233e-03
2.126009e-04
-6.524431e-03
-6.540395e-04
-2.831688e-03
-1.016732e-03
-2.959406e-03
1.240484e-04
-1.751183e-04
-4.315138e-04
-6.509418e-03
-1.256017e-04
-6.769996e-03
4.204243e-04
-5.224669e-03
-1.905426e-04
-6.049181e-03
6.433172e-04
-5.751219e-03
-8.760019e-04
-3.872126e-03
1.765802e-03
-4.276727e-03
7.780286e-04
-5.129886e-03
-1.719112e-03
-3.626994e-03
1.813312e-03
-3.247682e-03
-1.254378e-03
-4.172487e-03
9.035991e-04
-3.731344e-03
4.892792e-04
-1.867435e-03
6.127754e-04
-4.391666e-03
5.138461e-04
-3.780165e-03
5.596753e-05
-6.746102e-03
-3.480678e-04
-6.144380e-03
-4.822349e-04
-6.023798e-03
1.662492e-03
-2.924100e-03
-2.728511e-04
-3.487067e-04
-1.600145e-03
-3.359990e-03
-1.233522e-03
-5.271811e-03
2.020271e-04
-2.874334e-03
3.220252e-04
-1.615413e-03
3.417200e-04
-6.493877e-03
-8.458304e-04
-3.239185e-03
-7.467137e-04
-4.758259e-03
-7.830154e-05
-6.553904e-03
1.234614e-03
-3.243836e-03
-1.379803e-04
-6.405903e-03
-4.499228e-04
-2.470000e-03
1.543766e-03
-2.722798e-03
7.790342e-04
-3.364940e-03
-7.063808e-04
-4.681361e-03
-9.622408e-05
-5.736779e-03
3.122443e-04
-6.042034e-03
-6.591822e-04
-3.975466e-03
1.057230e-04
-3.107625e-03
-1.073744e-03
-3.220991e-03
-1.214512e-04
-8.731071e-04
-1.413421e-03
-5.119142e-03
8.317963e-04
-4.740103e-03
9.560791e-04
-2.285779e-03
5.949252e-04
-4.825441e-03
9.045472e-04
-5.695255e-03
3.543174e-04
-5.987713e-03
-1.716884e-03
-4.412667e-03
1.812250e-03
-4.061061e-03
-1.770229e-03
-4.121237e-03
-1.427342e-03
-4.828158e-03
-8.076139e-04
-3.457406e-03
-9.110602e-05
-9.431730e-04
-9.789472e-04
-4.918051e-03
-6.975207e-04
-5.893823e-03
4.053167e-04
-3.274584e-03
-1.339707e-03
-5.243360e-03
7.547707e-04
-5.803528e-03
-2.962759e-04
-6.203563e-03
-8.620308e-04
-5.272638e-03
8.293319e-04
-2.730024e-03
-8.664082e-04
-5.561879e-03
-1.393579e-04
-5.398383e-03
0.000000e+00
0.000000e+00
0.000000e+00
0.000000e+00
-1.690024e-03
-3.920857e-03
6.106458e-04
-1.296860e-03
1.863826e-03
-3.620013e-03
-8.479573e-04
-4.471759e-03
3.084063e-04
-4.531764e-03
3.950682e-04
-4.989952e-03
6.476313e-04
-2.045790e-03
1.521397e-04
-6.320985e-03
5.406407e-04
-5.605047e-03
-1.882340e-04
-4.480016e-03
9.364633e-04
-2.723340e-03
7.161623e-04
-5.465168e-03
-9.973483e-04
-2.671060e-03
-5.190361e-05
-6.267883e-03
1.734497e-03
-2.892619e-03
1.471091e-03
-2.890065e-03
-4.232219e-04
-1.816766e-03
-1.047210e-03
-4.118296e-03
-7.493512e-05
-6.618896e-03
-5.417746e-04
-5.798666e-03
-6.389193e-04
-5.229953e-03
-4.505907e-04
-5.229419e-03
9.662906e-04
-3.538413e-03
1.145129e-03
-2.588159e-03
6.335561e-05
-5.552219e-03
-1.644346e-03
-4.385105e-03
-1.120597e-04
-6.445489e-03
-4.932984e-04
-2.234052e-03
2.732072e-04
-1.936703e-03
1.073920e-03
-4.009858e-03
-4.323511e-04
-4.949769e-03
1.410496e-05
-5.757577e-03
-4.034747e-04
-6.037559e-03
8.020185e-04
-2.176126e-03
6.024194e-04
-2.769099e-03
-1.356334e-03
-4.409356e-03
-1.870203e-04
-6.603777e-03
-2.034912e-04
-6.027458e-03
7.293238e-04
-4.338983e-03
-2.748389e-04
-6.694814e-03
-2.795973e-04
-1.567375e-03
-1.785963e-05
-5.760565e-03
-5.434239e-05
-6.550317e-03
2.005455e-04
-5.900371e-03
-8.384437e-04
-3.155365e-03
-1.119832e-03
-4.098971e-03
1.034185e-03
-3.833930e-03
2.802844e-04
-5.691746e-03
-7.700778e-04
-4.210783e-03
4.262966e-04
-5.126237e-03
-1.606035e-05
-5.119564e-03
7.017214e-04
-5.770549e-03
-3.971164e-04
-5.518088e-03
8.125109e-04
-3.976373e-03
3.370897e-04
-5.780533e-03
-4.755233e-05
-6.368121e-03
6.261491e-04
-5.865506e-03
-9.853442e-04
-4.962720e-03
5.574947e-05
-5.240545e-03
8.304030e-05
-6.185334e-03
-1.454973e-03
-4.962713e-03
4.759862e-04
-3.468171e-03
-1.336214e-04
-6.256941e-03
-3.123431e-04
-3.284226e-03
-1.070090e-03
-5.142625e-03
8.269969e-04
-2.450724e-03
-8.503028e-04
-4.153524e-03
-9.877018e-04
-3.756614e-03
1.488708e-03
-3.587848e-03
7.816347e-05
-3.782612e-03
-1.012904e-04
-6.670763e-03
-7.786146e-05
-6.399038e-03
-4.299764e-04
-5.575464e-03
2.800409e-04
-5.385418e-03
-7.150721e-04
-3.007336e-03
1.351488e-03
-5.141397e-03
6.345099e-04
-2.105392e-03
-9.596567e-05
-1.079511e-03
-7.782827e-05
-6.382538e-03
-1.528900e-03
-3.997012e-03
4.906008e-04
-2.271536e-03
-3.965031e-05
-1.143239e-03
-7.054748e-04
-4.407138e-03
-2.330619e-04
-6.293308e-03
6.292925e-04
-5.129074e-03
2.273820e-04
-6.244654e-03
4.526929e-04
-5.314177e-03
8.998868e-04
-4.603625e-03
6.432179e-04
-2.425624e-03
-7.629965e-04
-2.719573e-03
6.627455e-04
-4.150590e-03
8.268016e-05
-6.396477e-03
1.355418e-03
-2.742720e-03
3.237544e-05
-4.868094e-03
5.114570e-04
-5.935767e-03
-1.211886e-04
-6.714313e-03
1.446957e-03
-4.092068e-03
2.883197e-04
-6.081001e-03
-4.237288e-04
-5.827927e-03
5.801217e-04
-5.388926e-03
8.625161e-04
-4.121930e-03
-2.972037e-04
-6.264047e-03
3.863364e-04
-5.624069e-03
-8.859460e-04
-4.547982e-03
4.703696e-05
-6.163001e-03
1.244412e-03
-3.594662e-03
-1.193197e-04
-5.956097e-03
-3.630424e-04
-3.973292e-03
-5.997223e-04
-6.265488e-03
-1.150607e-03
-3.266077e-03
-9.519468e-05
-6.431114e-03
-8.997613e-04
-5.075881e-03
7.106437e-04
-5.156761e-03
-5.767839e-05
-6.002668e-03
-2.534473e-04
-5.653263e-03
5.382003e-04
-5.916069e-03
-2.404009e-05
-6.301602e-03
3.767647e-04
-1.817266e-03
4.783181e-04
-5.008690e-03
2.188323e-04
-5.114443e-03
-1.162449e-03
-4.961107e-03
-1.152292e-04
-6.167435e-03
5.344665e-05
-8.082642e-04
1.270687e-03
-5.324315e-03
2.864534e-04
-6.090971e-03
-1.292055e-03
-3.985466e-03
-1.026702e-03
-4.312849e-03
-3.193346e-04
-6.122115e-03
-8.966524e-04
-5.732603e-03
9.708787e-04
-5.548226e-03
-1.100675e-03
-5.280033e-03
4.922092e-04
-5.810918e-03
2.337723e-05
-6.133970e-03
-9.411835e-05
-6.313475e-03
-4.530336e-05
-5.911577e-03
-1.432039e-03
-4.589388e-03
-1.002953e-03
-3.464228e-03
1.693968e-03
-4.252891e-03
1.176251e-03
-2.859271e-03
-1.687551e-04
-6.194607e-03
-7.513709e-04
-2.598929e-03
1.036487e-03
-4.518470e-03
-6.595399e-04
-5.694047e-03
4.611608e-04
-4.120113e-03
-7.967081e-04
-5.491709e-03
5.756784e-04
-4.643632e-03
-1.464820e-03
-3.615898e-03
1.027289e-03
-3.651658e-03
8.256714e-04
-4.393002e-03
-9.354936e-04
-4.642767e-03
-7.413860e-04
-2.840694e-03
-6.970274e-04
-5.846813e-03
3.763941e-04
-5.993547e-03
-1.110753e-03
-3.075356e-03
1.298829e-03
-3.089164e-03
9.702303e-04
-3.283730e-03
-4.521434e-04
-5.699514e-03
-7.741011e-04
-5.530454e-03
-2.195361e-04
-4.066158e-03
-3.047796e-04
-6.200569e-03
9.608431e-04
-2.473137e-03
-2.097532e-04
-6.332551e-03
1.378355e-04
-6.143680e-03
-9.820384e-05
-6.526118e-03
-1.954854e-04
-3.096971e-04
-1.337384e-03
-4.227360e-03
1.311135e-04
-1.652905e-03
9.130965e-05
-6.607347e-03
-8.029726e-04
-4.566604e-03
-5.318325e-04
-5.976288e-03
-2.683302e-04
-6.435702e-03
-3.166922e-04
-5.913745e-03
-1.155294e-04
-4.213547e-03
7.299523e-04
-3.402979e-03
-4.701273e-05
-6.115612e-03
8.153308e-04
-4.771596e-03
1.249875e-03
-4.908865e-03
1.557546e-04
-5.961234e-03
-3.868169e-05
-5.210754e-03
-3.202671e-04
-5.144847e-03
1.116871e-03
-3.344924e-03
-5.964037e-05
-6.503915e-03
-2.874357e-04
-6.534942e-03
-9.963523e-05
-3.067749e-03
1.958565e-05
-6.687844e-03
2.596804e-04
-6.017173e-03
-4.414717e-04
-6.461073e-03
9.083922e-05
-6.701979e-03
-6.912537e-04
-6.084956e-03
-5.019066e-04
-6.011331e-03
-1.238038e-04
-4.884715e-03
-6.037348e-04
-5.657115e-03
-1.368288e-03
-3.315630e-03
-2.363504e-04
-5.357801e-03
-1.110908e-03
-3.705402e-03
9.657178e-05
-4.274137e-03
-1.388722e-04
-2.709859e-03
-4.077620e-04
-5.993814e-03
-4.790379e-05
-6.453923e-03
1.900984e-04
-2.127363e-03
-1.304341e-03
-5.054276e-03
-2.445546e-04
-6.257356e-03
-1.211528e-03
-4.471522e-03
2.123074e-04
-4.059837e-03
3.242558e-04
-5.511094e-03
-6.153335e-04
-2.542709e-03
3.438480e-04
-2.831171e-03
-9.372150e-04
-3.062604e-03
2.094341e-04
-6.145461e-03
1.662948e-03
-4.390989e-03
8.292042e-04
-5.156424e-03
-1.554935e-03
-4.700587e-03
4.733193e-04
-4.332647e-03
-6.226901e-04
-4.668803e-03
1.612339e-03
-3.130408e-03
7.933113e-04
-4.999467e-03
-2.299886e-04
-1.773164e-03
-1.511741e-03
-3.839052e-03
-1.045848e-03
-5.006609e-03
1.030764e-03
-4.775926e-03
1.425295e-04
-5.573441e-03
-2.116206e-04
-5.923333e-03
-6.316451e-04
-5.752338e-03
1.754355e-03
-3.852193e-03
-2.342099e-04
-6.241017e-03
-5.466593e-04
-3.485364e-03
-7.051564e-04
-5.501642e-03
2.369001e-04
-5.995573e-03
-1.590446e-04
-6.380859e-03
-1.189718e-03
-5.427511e-03
-6.997259e-05
-6.455587e-03
2.750288e-04
-1.635540e-03
-7.986868e-04
-5.823568e-03
8.581121e-04
-5.698448e-03
-7.049199e-04
-5.230250e-03
-9.523695e-04
-3.343052e-03
-4.428047e-04
-1.353351e-03
1.660443e-04
-9.665159e-04
-2.339384e-04
-6.517437e-03
-1.143951e-03
-5.543602e-03
-2.012604e-04
-6.176923e-03
8.499407e-04
-5.259743e-03
1.503773e-04
-4.026062e-03
2.187408e-04
-5.884529e-03
1.115738e-04
-5.669666e-03
7.053806e-04
-5.717847e-03
-2.097560e-05
-5.422827e-03
-1.252068e-03
-3.352225e-03
-5.694534e-04
-3.483602e-03
6.839881e-04
-3.863492e-03
-1.183415e-03
-3.693449e-03
-8.428519e-05
-6.570150e-03
-8.664602e-05
-6.267915e-03
-2.226517e-04
-6.281888e-03
-1.073219e-04
-6.368128e-03
-5.342820e-04
-5.976434e-03
3.889628e-04
-4.087640e-03
9.395222e-04
-5.507246e-03
3.710795e-04
-3.823207e-03
-3.074734e-04
-6.081053e-03
-5.444845e-04
-3.177872e-03
-2.724080e-04
-6.208903e-03
1.655120e-04
-6.045275e-03
1.153172e-03
-4.870089e-03
-1.666280e-04
-6.321554e-03
-1.206045e-03
-3.142477e-03
-1.141164e-03
-3.858817e-03
-3.336880e-04
-6.163719e-03
-1.573882e-04
-6.686556e-03
-3.025567e-04
-6.005899e-03
-2.485399e-04
-6.119396e-03
-4.231039e-04
-1.829998e-03
2.722133e-04
-2.328305e-03
-9.725136e-04
-2.913331e-03
-1.218909e-04
-5.565420e-03
-2.068720e-04
-6.248283e-03
-4.073847e-06
-6.764818e-03
5.883594e-04
-5.822008e-03
1.737076e-04
-6.677586e-03
3.565395e-04
-4.894554e-03
-8.379073e-04
-2.980468e-03
1.217301e-03
-4.546058e-03
-7.254078e-04
-4.958762e-03
-1.089928e-03
-5.470120e-03
2.404124e-04
-4.511939e-03
-7.674670e-04
-2.500871e-03
-5.455971e-04
-5.103585e-03
5.760210e-05
-3.505391e-03
-5.893265e-04
-5.904847e-03
-1.248529e-04
-6.640507e-03
9.292656e-05
-4.628743e-03
3.200807e-05
-6.298845e-03
1.388688e-03
-4.291573e-03
-1.314673e-03
-4.587338e-03
-1.171355e-03
-4.657221e-03
1.375759e-04
-6.115499e-03
-1.688941e-04
-6.390840e-03
-6.402152e-04
-5.424176e-03
-9.994483e-04
-5.335934e-03
-5.406995e-04
-5.282695e-03
6.254595e-05
-6.294610e-03
-6.794157e-04
-2.516724e-03
8.760957e-04
-3.068138e-03
-1.771564e-04
-7.357328e-04
-1.516847e-04
-6.410717e-03
6.786551e-04
-2.125979e-03
2.763970e-04
-5.166694e-03
1.738610e-03
-3.444444e-03
-1.553014e-03
-3.286293e-03
-6.646624e-04
-4.992927e-03
-1.160234e-03
-4.204219e-03
1.019078e-04
-6.221862e-03
6.566920e-04
-4.953751e-03
-9.219008e-04
-3.682868e-03
-1.112078e-05
-6.735636e-03
4.853120e-04
-5.955062e-03
3.844997e-04
-2.766918e-03
4.030202e-04
-4.668514e-03
5.078014e-04
-5.932056e-03
3.746185e-04
-5.133317e-03
-1.292282e-03
-4.849519e-03
1.320730e-03
-4.641368e-03
7.949195e-05
-1.896672e-03
4.951604e-04
-5.933571e-03
-2.946697e-06
-4.903719e-03
-6.963885e-04
-3.395188e-03
-4.636025e-04
-5.956879e-03
-5.130923e-05
-6.245234e-03
3.511592e-04
-3.316146e-03
-1.197860e-04
-6.219874e-03
4.443058e-05
-6.331479e-03
-1.264160e-04
-6.464964e-03
-8.617591e-04
-5.663314e-03
1.561103e-03
-4.849565e-03
8.233321e-05
-1.275022e-03
-1.479466e-04
-8.717274e-04
-3.829756e-04
-3.623583e-03
4.441710e-04
-6.312551e-03
2.212354e-05
-6.260562e-03
3.509780e-04
-5.947340e-03
-1.151081e-06
-2.699819e-03
3.548011e-04
-5.855275e-03
-9.994772e-04
-5.601626e-03
-2.867128e-04
-3.376505e-03
-1.530751e-03
-3.355951e-03
2.704155e-04
-6.353178e-03
-1.627911e-03
-4.520429e-03
-8.437513e-05
-6.590874e-03
-1.396614e-03
-4.026978e-03
1.678643e-04
-6.432511e-03
-2.031364e-04
-1.703211e-03
3.580886e-04
-3.027546e-03
4.727393e-04
-5.313091e-03
-1.683070e-03
-4.098740e-03
6.208738e-04
-2.224773e-03
1.536820e-04
-5.841973e-03
1.010486e-03
-5.213114e-03
4.139334e-04
-5.954999e-03
-3.872392e-04
-4.734137e-03
-2.872670e-04
-2.520579e-03
-3.487095e-04
-6.135283e-03
-1.057022e-03
-4.802744e-03
-1.223711e-04
-6.126239e-03
-2.282562e-05
-6.427961e-03
-1.491403e-03
-4.400955e-03
8.785752e-04
-3.535804e-03
-3.504954e-04
-5.780307e-03
1.197981e-03
-2.445465e-03
-1.808388e-04
-6.733478e-03
-6.231093e-05
-6.202508e-03
1.659157e-03
-3.305120e-03
-1.573688e-03
-3.686634e-03
-9.762085e-05
-5.806265e-03
1.480447e-03
-4.607111e-03
-4.335449e-04
-6.032742e-03
-2.089785e-04
-6.216654e-03
-2.477475e-04
-6.728901e-03
5.320272e-04
-4.669372e-03
-6.162447e-04
-5.845061e-03
-1.310684e-03
-3.731359e-03
2.171896e-04
-5.398042e-03
-8.169648e-04
-5.037671e-03
-4.189489e-04
-6.124703e-03
5.675492e-04
-5.793754e-03
-6.537421e-04
-5.888894e-03
1.215794e-03
-4.151505e-03
-7.871090e-04
-5.369612e-03
-1.904690e-04
-6.337795e-03
1.256651e-03
-3.833082e-03
-2.107191e-04
-6.269756e-03
-5.459986e-04
-5.462768e-03
-1.830750e-04
-6.364673e-03
-1.193668e-04
-6.573444e-03
-1.691609e-03
-3.516574e-03
-1.013164e-03
-4.543228e-03
-4.794832e-05
-6.168174e-03
4.604101e-04
-2.923953e-03
3.118428e-04
-5.377850e-03
8.796615e-04
-5.375797e-03
6.135818e-04
-5.532025e-03
-8.787619e-04
-3.547523e-03
-2.297927e-05
-6.425031e-03
1.248176e-04
-6.040142e-03
6.950403e-04
-4.737169e-03
-4.540585e-05
-6.629501e-03
-4.935923e-04
-4.110734e-03
-9.592230e-04
-4.016844e-03
-7.965338e-05
-5.623551e-03
7.896518e-05
-6.292088e-03
-6.077064e-04
-4.971446e-03
-1.842324e-04
-5.888357e-03
-1.202814e-04
-6.476320e-03
6.416989e-05
-6.280422e-03
-1.675250e-03
-4.206600e-03
-8.894493e-04
-4.812155e-03
2.221310e-04
-5.635241e-03
-3.431275e-04
-5.339651e-03
1.933313e-04
-6.162502e-03
-8.185584e-05
-6.559860e-03
-4.299569e-04
-4.374427e-03
1.458756e-05
-6.368822e-03
-1.192604e-03
-3.996747e-03
8.171654e-04
-5.657900e-03
5.835066e-04
-2.347366e-03
-8.834112e-05
-6.549074e-03
-4.400609e-04
-6.052282e-03
-1.562199e-04
-6.512555e-03
5.954952e-04
-3.504745e-03
-5.398699e-04
-6.174902e-03
-5.220395e-04
-4.448380e-03
-3.933482e-04
-5.334367e-03
6.328061e-04
-5.649736e-03
8.222722e-04
-5.510686e-03
-1.355914e-04
-6.361210e-03
-7.876214e-05
-6.478990e-03
1.168978e-03
-5.275562e-03
-6.268567e-04
-5.279709e-03
-1.742567e-04
-6.072494e-03
-4.427648e-06
-2.315314e-03
2.202059e-04
-6.044626e-03
-8.187029e-04
-2.759858e-03
-1.131838e-04
-6.510651e-03
4.669008e-04
-5.467527e-03
3.938384e-04
-5.994928e-03
7.828179e-04
-2.929689e-03
4.178505e-04
-5.988038e-03
8.607243e-05
-6.223760e-03
7.337969e-04
-3.551395e-03
3.028343e-04
-5.806613e-03
1.005238e-03
-5.090801e-03
1.532728e-04
-6.211766e-03
-2.332177e-04
-6.031722e-03
8.901436e-04
-4.880609e-03
-3.640141e-04
-4.697872e-03
-1.226833e-03
-3.557755e-03
1.045761e-03
-2.982002e-03
5.661288e-04
-3.951987e-03
5.512077e-04
-2.487106e-03
-4.195072e-04
-6.236893e-03
4.765817e-04
-1.890935e-03
-5.542543e-05
-6.476780e-03
-1.093990e-03
-4.597103e-03
-8.026452e-04
-4.778738e-03
1.000675e-03
-4.355488e-03
3.032684e-04
-6.040228e-03
-7.650233e-04
-5.652581e-03
1.343863e-04
-6.102827e-03
5.330214e-05
-5.843958e-03
-6.516692e-04
-5.646985e-03
-4.252820e-04
-5.884282e-03
1.233598e-05
-6.342107e-03
-1.080227e-04
-3.545498e-03
2.304480e-04
-3.200841e-04
3.495993e-04
-6.023543e-03
-1.971324e-04
-6.245309e-03
4.666653e-05
-6.222287e-03
5.110661e-05
-5.970203e-03
-9.420101e-04
-2.253262e-03
-5.931493e-05
-4.423535e-03
7.298512e-04
-2.358939e-03
-1.082930e-03
-3.156435e-03
-2.916872e-04
-6.053885e-03
4.948637e-04
-5.568395e-03
-3.407452e-04
-6.592572e-03
-8.871854e-04
-5.575745e-03
-1.802163e-04
-4.675977e-03
-1.461714e-03
-4.184766e-03
-7.804302e-04
-3.247833e-03
-1.187236e-04
-4.949621e-03
-1.537378e-03
-3.433663e-03
1.594858e-03
-2.953715e-03
1.337156e-04
-5.346506e-03
1.262735e-03
-2.616364e-03
-3.036946e-04
-5.727218e-03
-8.377069e-04
-5.183660e-03
6.795271e-04
-4.526733e-03
7.485894e-04
-5.425623e-03
3.492391e-04
-6.043101e-03
1.175683e-03
-5.142752e-03
1.033528e-04
-6.265747e-03
1.054981e-03
-2.615352e-03
-5.649433e-04
-5.453095e-03
5.326683e-04
-1.984177e-03
-7.956733e-05
-6.629900e-03
2.954385e-05
-6.296556e-03
-2.342500e-04
-5.099816e-03
-8.106652e-04
-3.889779e-03
1.559129e-03
-3.734392e-03
-1.599636e-03
-4.172802e-03
-2.041679e-04
-5.335883e-03
2.538668e-04
-4.644324e-03
1.368914e-03
-3.480317e-03
-4.664289e-04
-2.956625e-03
-8.679082e-05
-5.326779e-03
-8.836290e-04
-2.867360e-03
1.122348e-03
-3.639045e-03
-5.354925e-06
-5.653665e-03
-6.628840e-04
-4.664684e-03
7.342966e-04
-3.144543e-03
-8.595738e-04
-3.519709e-03
1.449719e-03
-4.409574e-03
-6.821587e-04
-4.067123e-03
-1.009683e-03
-3.019806e-03
9.270031e-04
-2.596854e-03
-6.174244e-04
-2.033682e-03
3.856550e-04
-1.545328e-03
-9.367315e-04
-4.288837e-03
6.897340e-04
-5.314011e-03
-5.572282e-04
-5.885368e-03
1.747976e-04
-6.117434e-03
2.196163e-04
-6.163788e-03
-1.184175e-03
-5.079084e-03
2.237276e-04
-6.117562e-03
8.832366e-04
-4.516048e-03
-4.360135e-04
-6.043736e-03
-5.013110e-04
-5.820393e-03
5.826073e-04
-3.273909e-03
-5.787656e-05
-6.576140e-03
-7.388561e-04
-5.330955e-03
8.037374e-04
-2.272704e-03
-3.790505e-04
-6.075070e-03
2.402771e-04
-6.127854e-03
-8.784044e-04
-5.704224e-03
9.597294e-04
-4.085505e-03
-5.194733e-05
-6.419855e-03
5.864196e-05
-6.240902e-03
-1.000566e-04
-6.004486e-03
1.519978e-03
-3.298409e-03
-5.602919e-04
-2.207284e-03
-1.022890e-03
-3.560696e-03
-1.675738e-04
-3.834455e-03
1.587038e-04
-5.027790e-03
2.019895e-05
-6.420552e-03
-6.033656e-04
-5.946016e-03
-1.149426e-04
-3.328503e-03
-3.893297e-05
-6.700995e-03
2.971683e-05
-6.621417e-03
1.289641e-04
-4.870295e-03
-3.566640e-04
-6.404988e-03
-3.127970e-04
-6.186135e-03
-8.495715e-04
-4.267287e-03
-2.873953e-04
-4.599857e-03
1.331904e-03
-4.820409e-03
5.463055e-04
-5.790784e-03
3.915048e-04
-2.228828e-03
-2.804577e-04
-1.446919e-03
-2.666869e-04
-3.824858e-03
-7.057552e-04
-5.803594e-03
-2.395007e-04
-6.283546e-03
-8.251411e-04
-5.277500e-03
-2.260966e-05
-6.364740e-03
-6.972978e-04
-3.896151e-03
7.756330e-05
-6.100467e-03
-1.418540e-03
-3.766154e-03
7.704973e-04
-4.952244e-03
-3.612208e-04
-6.025869e-03
3.724585e-04
-6.016432e-03
-3.709763e-04
-4.961685e-03
6.041102e-04
-5.483891e-03
1.136045e-03
-2.767758e-03
-8.906512e-04
-5.425851e-03
-1.425649e-03
-5.166516e-03
-1.234210e-04
-6.446505e-03
-5.225788e-04
-6.358330e-03
-8.217601e-05
-6.673449e-03
4.078108e-04
-5.667504e-03
-1.293096e-03
-5.126616e-03
3.053651e-04
-5.762728e-03
1.372553e-03
-3.974214e-03
-4.899744e-04
-5.500652e-03
-3.656455e-04
-5.875046e-03
-1.067842e-03
-5.400175e-03
5.456253e-04
-5.301951e-03
2.814838e-04
-2.871817e-03
2.136595e-04
-3.865794e-03
1.235298e-03
-3.356797e-03
-1.580166e-03
-4.481538e-03
6.377185e-05
-6.526239e-03
-9.623593e-05
-6.495592e-03
6.106394e-04
-2.914276e-03
-5.172457e-04
-4.707413e-03
3.534025e-04
-4.396100e-03
-2.634248e-04
-6.152544e-03
1.348059e-03
-3.009926e-03
-2.770525e-04
-5.623381e-03
8.861399e-04
-4.301727e-03
-1.626695e-04
-6.620645e-03
1.172738e-03
-4.408596e-03
-4.588735e-04
-6.001467e-03
1.226167e-03
-5.305694e-03
-1.634366e-03
-3.867246e-03
8.862791e-05
-1.447966e-03
-5.613440e-04
-5.321669e-03
5.410619e-04
-5.765002e-03
1.181860e-04
-5.517964e-03
-2.823083e-04
-5.545204e-03
5.510861e-04
-4.458912e-03
-6.073062e-04
-3.040134e-03
-8.606033e-05
-6.518882e-03
2.505197e-04
-5.100732e-03
-3.147259e-04
-3.034888e-03
-2.274363e-06
-5.456168e-03
1.497472e-04
-4.787365e-03
-8.362114e-05
-6.579966e-03
2.277024e-04
-6.131472e-03
1.751823e-03
-3.644149e-03
2.574603e-04
-3.188284e-03
-8.742554e-05
-6.417003e-03
1.236871e-04
-5.664354e-03
1.361833e-04
-6.217594e-03
1.330164e-04
-6.603035e-03
-1.148223e-03
-3.549271e-03
-2.359502e-05
-3.884672e-03
-5.568959e-04
-5.971406e-03
-3.250323e-04
-6.175484e-03
1.520019e-03
-4.780416e-03
8.821356e-05
-6.677215e-03
-7.165447e-04
-4.994048e-03
-1.578301e-04
-6.218559e-03
7.053192e-04
-2.728623e-03
-4.603273e-05
-1.440284e-03
-1.308008e-03
-4.741270e-03
-2.861248e-04
-6.158527e-03
-1.114614e-03
-3.374000e-03
4.677376e-04
-5.901897e-03
-5.755525e-04
-5.650212e-03
1.576717e-03
-4.117778e-03
-5.213746e-04
-5.724580e-03
2.221026e-04
-1.976141e-03
-4.257562e-04
-2.038391e-03
-3.500776e-04
-4.132556e-03
-2.300921e-04
-6.649101e-03
-2.686108e-04
-6.073943e-03
-4.580760e-06
-6.163987e-03
-1.314294e-04
-5.787755e-03
2.959810e-05
-2.197740e-03
-1.164317e-03
-4.762783e-03
-1.050518e-03
-4.111950e-03
5.353436e-06
-6.279767e-03
-3.344056e-04
-6.097003e-03
6.847576e-04
-5.672827e-03
9.212141e-04
-3.917554e-03
3.655040e-04
-5.579168e-03
1.531055e-04
-6.194473e-03
1.323907e-03
-5.107489e-03
-1.220526e-03
-3.200341e-03
2.658863e-04
-4.772635e-03
-4.564773e-04
-5.012686e-03
1.002678e-04
-6.061952e-03
-3.934189e-05
-6.090580e-03
-1.968824e-05
-6.427903e-03
5.044430e-04
-4.825225e-03
2.965109e-04
-6.009133e-03
6.194945e-04
-5.552395e-03
-1.097435e-04
-6.636371e-03
-4.928475e-05
-6.470568e-03
1.129329e-03
-3.094174e-03
-1.267241e-03
-3.792825e-03
-6.077187e-04
-6.031617e-03
6.403002e-04
-5.086195e-03
-5.363586e-04
-5.957603e-03
-3.877233e-04
-6.101551e-03
8.346359e-04
-3.619360e-03
1.087757e-04
-6.018087e-03
-1.265015e-03
-3.183516e-03
-6.925337e-05
-6.518579e-03
1.074629e-03
-3.459343e-03
6.611267e-04
-3.759532e-03
-1.433386e-04
-6.182938e-03
5.020521e-04
-5.743000e-03
-4.687544e-04
-2.551368e-03
2.095472e-04
-1.483557e-03
-2.930632e-04
-4.972514e-03
1.311839e-04
-4.507919e-03
-1.657629e-04
-6.375245e-03
-8.140371e-04
-3.018831e-03
-6.052950e-04
-3.039951e-03
-9.561914e-04
-5.191274e-03
-7.486388e-04
-4.258724e-03
4.664374e-04
-6.091469e-03
1.486864e-03
-3.056033e-03
-4.066061e-04
-5.578697e-03
-1.012833e-03
-3.232760e-03
-7.775674e-04
-5.470210e-03
2.461137e-04
-4.249089e-03
-5.017467e-04
-5.911798e-03
-7.289363e-04
-3.495827e-03
-1.922732e-04
-5.572420e-03
7.615053e-04
-4.674049e-03
-1.016461e-04
-6.318000e-03
2.199979e-04
-5.556038e-03
5.340148e-04
-5.141790e-03
-9.805695e-04
-4.739952e-03
9.306628e-04
-3.050285e-03
-5.294452e-04
-3.637023e-03
4.492006e-04
-4.459960e-03
7.482794e-04
-3.525100e-03
2.882586e-04
-6.088216e-03
-5.443889e-04
-6.306540e-03
8.555653e-04
-5.349258e-03
4.577624e-04
-5.971167e-03
8.534391e-04
-5.061819e-03
-1.674169e-04
-6.587101e-03
6.443630e-04
-3.562875e-03
-7.301975e-04
-4.534089e-03
8.605807e-04
-2.293372e-03
8.741182e-04
-5.545992e-03
-4.005278e-05
-6.760024e-03
6.942123e-04
-2.477200e-03
-6.238438e-04
-3.785778e-03
-2.689027e-05
-6.076757e-03
1.519990e-04
-6.171842e-03
7.568921e-05
-3.952114e-03
-1.974381e-04
-6.159889e-03
-3.684784e-04
-5.961862e-03
-8.139052e-04
-4.960806e-03
-5.848850e-05
-6.617839e-03
-6.010617e-05
-6.304911e-03
-8.903480e-05
-6.608887e-03
-1.352324e-03
-3.560835e-03
-3.850512e-04
-6.089083e-03
-8.820337e-04
-3.283335e-03
5.069121e-04
-4.750501e-03
3.428370e-04
-6.005935e-03
-4.906370e-04
-5.245551e-03
1.324207e-03
-4.154585e-03
-5.513447e-04
-4.295937e-03
2.304940e-04
-6.058997e-03
-8.618199e-05
-6.351298e-03
-7.578557e-04
-5.618878e-03
-1.524870e-05
-6.079232e-03
1.005924e-03
-4.247658e-03
-5.796897e-04
-4.337707e-03
3.125156e-04
-3.525210e-03
9.371317e-04
-4.745023e-03
-1.072421e-04
-6.146370e-03
7.453651e-04
-3.790399e-03
-2.730644e-04
-2.396006e-03
1.644339e-03
-3.540876e-03
-1.469733e-03
-3.331360e-03
-2.947290e-04
-6.340407e-03
-1.187431e-03
-3.411663e-03
-5.714252e-04
-5.947883e-03
5.243685e-04
-4.079890e-03
-9.600758e-05
-6.709027e-03
-9.289260e-04
-3.960159e-03
1.093588e-03
-4.766935e-03
-9.099156e-04
-4.589140e-03
-1.063969e-03
-4.918933e-03
-1.180169e-04
-6.472194e-03
-7.302669e-04
-5.567280e-03
-1.289900e-04
-6.276435e-03
-4.587518e-04
-5.903923e-03
-1.015806e-05
-6.193010e-03
8.392824e-05
-5.169408e-03
-8.049377e-04
-3.587771e-03
9.054523e-04
-5.083892e-03
-1.044046e-03
-3.797249e-03
1.260581e-05
-6.144414e-03
-3.538799e-04
-3.815660e-03
9.993357e-04
-5.355251e-03
-3.983203e-04
-6.088829e-03
3.738561e-04
-1.946250e-03
8.033934e-04
-5.718337e-03
1.153609e-03
-3.998438e-03
-1.042662e-04
-1.119943e-03
1.306586e-03
-4.352566e-03
5.474415e-05
-4.524483e-03
1.269626e-04
-2.633699e-03
-1.268152e-03
-3.697247e-03
1.885463e-05
-5.924811e-03
1.182415e-04
-6.141520e-04
1.573569e-04
-4.707704e-04
-2.893746e-05
-1.000918e-03
5.431307e-05
-7.023654e-04
-1.303615e-04
-6.395887e-03
1.151130e-04
-4.187920e-03
3.260335e-06
-1.722620e-03
-1.325292e-04
-5.188203e-03
3.868978e-04
-5.843496e-03
1.025105e-03
-3.213114e-03
4.382726e-04
-5.915469e-03
-1.411710e-04
-5.628807e-03
8.547624e-04
-4.521264e-03
-4.627727e-05
-6.391565e-03
1.263510e-03
-2.998473e-03
2.744593e-04
-6.052497e-03
1.326854e-03
-4.915774e-03
-2.305244e-04
-6.078406e-03
6.294936e-05
-5.382879e-03
-1.727651e-04
-6.331740e-03
3.528698e-05
-6.324637e-03
2.372927e-04
-5.953135e-03
-4.766068e-04
-6.341462e-03
-4.373502e-04
-5.735962e-03
5.802637e-05
-4.743951e-03
1.711392e-03
-4.485244e-03
-3.641666e-08
-6.398123e-03
-1.679094e-05
-5.959599e-03
-6.219261e-04
-5.561081e-03
-5.803297e-04
-2.573595e-03
-4.915635e-04
-6.018818e-03
-5.654305e-05
-3.772608e-03
-9.144779e-05
-6.590446e-03
5.034012e-04
-2.818029e-03
-6.725261e-04
-2.587832e-03
-9.199023e-04
-4.218124e-03
6.219826e-04
-5.842830e-03
-5.822616e-05
-6.214181e-03
7.943862e-04
-2.632211e-03
-1.044279e-03
-3.464838e-03
-2.316042e-04
-4.217553e-03
1.023216e-03
-2.881704e-03
-1.675239e-04
-6.060838e-03
-1.851704e-04
-6.712100e-03
-4.080500e-04
-5.220645e-03
4.388245e-04
-5.872769e-03
-4.786465e-04
-6.000526e-03
-1.316216e-03
-3.153944e-03
-1.078398e-03
-4.355531e-03
-3.201626e-04
-2.264194e-03
-7.621838e-05
-6.585248e-03
1.323272e-03
-3.760619e-03
1.978147e-04
-5.648976e-03
-9.239341e-04
-3.513639e-03
0.000000e+00
0.000000e+00
-6.661499e-04
-5.788724e-03
-1.672326e-04
-6.426194e-03
-1.209046e-03
-4.364212e-03
8.783983e-04
-2.234372e-03
1.190351e-05
-1.107880e-03
5.971969e-04
-5.892860e-03
6.024637e-04
-5.889482e-03
2.691885e-04
-6.069104e-03
-1.459850e-03
-3.467669e-03
1.846266e-03
-3.840574e-03
-1.734107e-04
-1.159432e-03
-2.051417e-04
-1.300770e-03
-7.726582e-04
-5.825671e-03
-7.003203e-05
-6.641109e-03
5.006703e-04
-2.008577e-03
-9.014632e-04
-3.072056e-03
-2.593946e-04
-6.196241e-03
8.871858e-04
-2.574707e-03
1.288682e-04
-5.821578e-03
-9.470900e-04
-5.472789e-03
-1.045357e-04
-6.321926e-03
2.995672e-04
-2.522444e-03
3.840641e-04
-6.199592e-03
-7.919092e-05
-6.514274e-03
2.118105e-04
-5.556847e-03
1.023721e-04
-6.241643e-03
-4.221281e-05
-6.468476e-03
1.128094e-03
-2.484785e-03
3.372675e-05
-3.166330e-03
5.066316e-04
-3.512141e-03
-6.133187e-05
-4.750742e-03
5.837987e-04
-2.830444e-03
7.353828e-04
-5.314116e-03
-1.568945e-04
-5.133495e-03
-1.002392e-03
-4.739345e-03
4.945269e-04
-3.635648e-03
-8.876400e-05
-6.549378e-03
-7.606066e-04
-2.788175e-03
-9.867163e-04
-5.670877e-03
1.008753e-03
-4.878835e-03
-8.350835e-04
-5.446048e-03
-2.629344e-05
-6.617969e-03
2.110554e-05
-4.658368e-03
2.227431e-04
-6.111710e-03
-1.062494e-03
-3.570738e-03
-8.121789e-04
-5.147319e-03
1.499509e-04
-3.831146e-03
5.161164e-04
-5.889602e-03
3.599321e-05
-6.176042e-03
-1.322990e-03
-5.326480e-03
-5.014536e-04
-2.039525e-03
-4.858494e-04
-1.997093e-03
-2.953943e-04
-6.196337e-03
-7.574780e-04
-5.718477e-03
-1.543187e-05
-6.329448e-03
-4.901645e-04
-5.683219e-03
1.745311e-03
-3.999394e-03
-6.606469e-04
-4.400564e-03
9.426171e-04
-5.628066e-03
3.917559e-05
-6.339509e-03
1.634734e-03
-2.808655e-03
1.546121e-03
-2.830971e-03
8.946243e-04
-2.927538e-03
-4.788015e-05
-6.674145e-03
-1.622733e-03
-4.720349e-03
-1.481415e-03
-4.844203e-03
-1.466881e-03
-4.737762e-03
4.791883e-04
-5.859043e-03
6.031420e-04
-5.875101e-03
-8.917986e-04
-4.745067e-03
4.958599e-04
-2.412388e-03
5.417773e-04
-2.337819e-03
-6.855184e-04
-5.952674e-03
-4.742071e-04
-6.008981e-03
-1.628058e-03
-3.594960e-03
-2.237949e-04
-2.812196e-03
-3.810609e-06
-6.751226e-03
-5.256820e-05
-6.747618e-03
2.877942e-04
-6.565537e-03
-3.948207e-04
-6.084431e-03
1.554867e-03
-3.885743e-03
4.204817e-04
-5.749619e-03
7.940667e-04
-5.130203e-03
1.064520e-03
-4.304068e-03
4.124448e-04
-5.309242e-03
-3.848932e-04
-4.435644e-03
-1.735985e-04
-4.347003e-03
-5.793084e-04
-5.372011e-03
7.127644e-04
-4.370307e-03
3.291824e-04
-6.048688e-03
-2.425461e-04
-5.064786e-04
9.169525e-04
-3.730806e-03
-8.090180e-05
-5.919966e-03
-1.104187e-04
-4.499794e-03
-7.571593e-04
-3.374459e-03
-1.046156e-03
-3.339447e-03
-4.194321e-04
-6.075326e-03
-1.177270e-04
-6.406381e-03
-3.279074e-04
-6.062802e-03
1.410022e-03
-4.591341e-03
-3.649808e-04
-5.496677e-03
3.304555e-05
-6.210002e-03
1.037648e-04
-6.247122e-03
2.368261e-04
-1.622410e-03
3.858506e-04
-3.709421e-03
-9.189516e-04
-4.922157e-03
9.890226e-04
-2.411836e-03
9.213953e-04
-2.348001e-03
-1.889178e-04
-3.628171e-03
-6.444419e-05
-6.473305e-03
5.247146e-04
-5.932141e-03
-1.643177e-03
-3.749917e-03
-1.742275e-03
-3.742627e-03
-2.143134e-04
-6.250021e-03
3.169082e-05
-4.994636e-03
-3.261714e-04
-6.054832e-03
-4.481276e-04
-6.001448e-03
5.102488e-04
-5.545375e-03
-1.313520e-03
-3.240766e-03
-7.479322e-05
-6.530704e-03
-4.124237e-04
-2.241549e-03
-1.703114e-04
-6.408106e-04
-1.666350e-04
-3.439202e-04
2.360415e-04
-3.380334e-03
-7.676700e-04
-5.872870e-03
6.666294e-04
-5.161684e-03
3.198917e-05
-6.227104e-03
-3.661705e-04
-6.636512e-03
-1.297170e-03
-4.505521e-03
-9.426911e-04
-5.069832e-03
9.685920e-04
-5.189592e-03
-2.615860e-04
-6.246093e-03
-1.413373e-03
-3.389903e-03
-1.419281e-03
-3.266489e-03
-1.506878e-03
-3.215658e-03
-2.073233e-04
-1.483296e-03
-1.414285e-04
-1.594731e-03
-6.556291e-05
-1.230619e-03
2.100905e-05
-1.006888e-03
5.046124e-05
-1.162578e-03
0.000000e+00
0.000000e+00
1.394476e-04
-3.991730e-04
-2.486331e-05
-6.259080e-03
2.302309e-04
-6.421253e-03
7.363897e-04
-4.092695e-03
2.397700e-04
-6.128930e-03
-2.019889e-04
-6.522652e-03
-3.903788e-04
-5.096121e-03
-2.728094e-04
-6.011766e-03
-2.331483e-04
-6.094927e-03
-1.779071e-05
-6.526962e-03
-1.892490e-05
-6.408096e-03
5.686787e-04
-1.962512e-03
2.587249e-04
-5.852844e-03
-4.163105e-04
-3.598899e-03
1.696485e-04
-5.663032e-03
1.945314e-04
-6.122815e-03
-1.066097e-03
-5.263971e-03
1.098199e-03
-5.043401e-03
-4.579784e-04
-6.397206e-03
-5.143115e-04
-6.400171e-03
3.906267e-04
-3.947184e-03
-1.060251e-03
-2.999759e-03
-1.070043e-03
-3.083833e-03
-1.036028e-03
-5.609817e-03
-1.073289e-03
-5.547293e-03
1.100890e-03
-5.442859e-03
2.700018e-04
-5.265740e-03
5.970865e-04
-2.108684e-03
5.611417e-04
-2.139073e-03
9.248249e-04
-5.662563e-03
8.034582e-04
-5.752283e-03
-2.230116e-04
-6.301378e-03
-1.380196e-04
-6.129194e-03
1.799613e-03
-3.532459e-03
2.003877e-04
-5.795142e-03
4.233255e-04
-5.013021e-03
-1.124607e-04
-6.482404e-03
3.918873e-04
-4.695775e-03
4.091557e-04
-4.468127e-03
-6.689597e-04
-5.239741e-03
-7.336868e-04
-3.163084e-03
-4.560118e-04
-3.458580e-03
-2.813747e-04
-5.743584e-03
3.706225e-05
-1.375816e-03
6.545945e-04
-4.178960e-03
-8.002757e-04
-2.677599e-03
-3.101023e-04
-6.443197e-03
1.202602e-03
-2.542223e-03
1.202484e-03
-2.635653e-03
-1.180822e-04
-6.607608e-03
-5.799448e-04
-5.830980e-03
-7.680084e-04
-5.786303e-03
-6.550005e-04
-4.728267e-03
-1.441921e-03
-3.854404e-03
-1.090866e-03
-5.424654e-03
-1.012489e-03
-5.510261e-03
2.800466e-04
-5.329386e-03
1.185252e-03
-3.569114e-03
1.180095e-03
-3.686968e-03
-1.215177e-03
-4.873708e-03
-1.253824e-03
-5.320865e-03
-1.090522e-03
-4.052175e-03
-3.775056e-04
-6.188854e-03
1.762924e-04
-6.565205e-03
1.080629e-03
-4.666229e-03
3.379207e-04
-4.709840e-03
8.659759e-04
-2.382808e-03
-8.190772e-04
-1.762965e-03
-3.590088e-04
-1.664613e-03
-1.672274e-04
-1.282080e-03
-1.928583e-04
-8.642568e-04
-5.740282e-04
-1.132554e-03
1.642227e-03
-4.670493e-03
-8.305500e-04
-4.663495e-03
-8.359378e-04
-5.287904e-03
-8.972603e-04
-5.361536e-03
-1.554022e-03
-4.612499e-03
-1.675854e-03
-4.558241e-03
7.640321e-04
-4.871674e-03
6.732282e-04
-5.642931e-03
2.918783e-04
-6.023653e-03
2.475741e-04
-3.042875e-03
5.765411e-04
-3.179506e-03
9.167259e-04
-3.401413e-03
-7.132330e-05
-6.419379e-03
6.165383e-04
-5.225105e-03
-6.000228e-04
-5.443231e-03
-9.003002e-04
-4.051883e-03
-6.394484e-04
-4.061576e-03
-4.329539e-04
-6.065195e-03
-8.186347e-04
-5.824231e-03
1.689564e-04
-1.458780e-03
1.208403e-04
-1.287813e-03
-1.516445e-04
-6.750661e-03
-6.191248e-04
-5.042470e-03
1.281003e-03
-2.498732e-03
1.236525e-03
-5.185957e-03
2.911144e-04
-4.979494e-03
1.487636e-03
-4.481506e-03
1.346561e-03
-4.531521e-03
-3.668718e-04
-6.091368e-03
-1.152692e-03
-4.488506e-03
-9.277797e-05
-6.529081e-03
-5.409847e-04
-2.966749e-03
6.741668e-04
-2.568725e-03
1.839376e-03
-3.433465e-03
1.741896e-03
-3.334539e-03
1.642332e-03
-3.430262e-03
7.032238e-05
-4.166382e-03
-2.572299e-04
-6.308536e-03
-1.690775e-04
-6.254478e-03
5.092872e-04
-5.212730e-03
-1.207423e-03
-3.314865e-03
-6.600477e-04
-4.907361e-03
-6.034755e-04
-5.087581e-03
1.280452e-04
-6.239226e-03
-1.487869e-04
-6.177482e-03
-1.639439e-04
-6.155837e-03
-7.344473e-04
-5.501579e-03
-2.306269e-04
-5.602708e-03
1.450720e-03
-2.762911e-03
-1.615063e-04
-5.425324e-03
-3.265949e-04
-5.859931e-03
-1.192728e-03
-3.241255e-03
-1.299306e-03
-3.334827e-03
-1.248529e-03
-3.254412e-03
1.053021e-04
-3.597861e-03
-1.002807e-03
-5.197679e-03
-6.046595e-04
-3.648980e-03
4.317810e-04
-2.661076e-03
-2.972832e-04
-6.201139e-03
1.266926e-04
-6.066658e-03
-1.531934e-03
-3.616614e-03
-9.378295e-04
-2.975688e-03
-8.952346e-04
-2.962919e-03
-2.984810e-04
-6.135578e-03
7.084148e-04
-5.808851e-03
-7.781182e-04
-2.909430e-03
-4.311445e-04
-4.830249e-03
7.867204e-04
-3.107710e-03
5.263879e-04
-4.365846e-03
-1.028344e-04
-5.711831e-03
-5.443385e-06
-6.403443e-03
-3.138390e-04
-6.177789e-03
3.956162e-04
-5.809011e-03
3.941473e-04
-5.706209e-03
5.225895e-04
-5.690916e-03
6.788618e-04
-5.614727e-03
-5.768324e-05
-6.404611e-03
-7.745374e-05
-6.434750e-03
2.125911e-05
-5.632899e-03
-7.166184e-04
-5.876710e-03
-6.676544e-04
-5.898743e-03
-1.226658e-04
-6.185628e-03
9.467426e-05
-6.069040e-03
1.618832e-04
-6.070553e-03
2.743812e-04
-6.010116e-03
1.824677e-04
-6.040817e-03
-3.099743e-04
-4.834309e-03
-3.630477e-04
-4.872186e-03
7.665118e-05
-2.459635e-03
-5.328566e-05
-2.549795e-03
-5.127678e-04
-5.394620e-03
4.083131e-04
-1.751195e-03
3.485590e-04
-2.365321e-03
5.809987e-04
-4.996105e-03
-1.593069e-04
-6.402670e-03
6.061793e-04
-5.884089e-03
7.040769e-04
-5.824723e-03
8.308901e-04
-5.751456e-03
5.148066e-05
-6.685653e-03
-4.361734e-04
-4.068174e-03
5.697252e-04
-4.771423e-03
1.371297e-03
-4.407183e-03
1.448384e-03
-4.317724e-03
-2.515108e-04
-5.822479e-03
6.767507e-04
-3.435085e-03
-1.229144e-03
-5.110130e-03
-1.287418e-03
-4.998940e-03
5.099268e-04
-5.845016e-03
-1.312871e-03
-3.634412e-03
-6.037444e-04
-6.117984e-03
8.992953e-05
-6.199024e-03
3.535891e-04
-2.456418e-03
1.375192e-04
-2.645060e-03
3.520221e-04
-1.971111e-03
6.999654e-05
-1.621083e-03
-1.150889e-04
-1.957706e-03
8.122479e-04
-2.028054e-03
8.305822e-04
-5.550380e-03
1.540019e-04
-6.134181e-03
-7.129976e-04
-4.343770e-03
-1.031351e-03
-4.432821e-03
-2.107165e-04
-5.962104e-03
2.730390e-04
-5.970430e-03
7.856324e-04
-5.436387e-03
-5.349686e-04
-5.846546e-03
-2.854261e-04
-5.341523e-03
-7.424853e-04
-3.321360e-03
-6.923705e-04
-3.229142e-03
3.760806e-04
-6.098189e-03
7.658411e-04
-2.330158e-03
3.766046e-05
-6.328969e-03
-3.306153e-04
-6.479227e-03
-1.040721e-03
-3.122669e-03
-1.471624e-03
-4.642107e-03
1.421782e-04
-6.092508e-03
5.214321e-04
-5.753194e-03
4.500282e-04
-5.829666e-03
-4.150070e-04
-5.952101e-03
-9.940947e-04
-3.873558e-03
-1.291003e-04
-6.692399e-03
-3.655235e-04
-2.008090e-03
-5.407320e-04
-2.325280e-03
-1.084437e-03
-3.958459e-03
-3.101814e-05
-3.609954e-03
4.049752e-04
-2.909374e-03
1.318698e-03
-3.909788e-03
1.392488e-03
-3.826219e-03
-2.235054e-04
-6.607525e-03
1.086983e-03
-2.556341e-03
1.154354e-03
-5.231713e-03
1.259210e-03
-5.108612e-03
3.853121e-04
-5.476039e-03
1.200563e-03
-4.271755e-03
-4.999796e-05
-6.604160e-03
1.549817e-03
-3.486024e-03
1.565592e-03
-3.614944e-03
1.633492e-03
-3.775597e-03
1.659806e-03
-3.645703e-03
-2.864398e-04
-6.094690e-03
-2.096030e-04
-6.104744e-03
-4.066388e-04
-3.342185e-03
-4.981249e-04
-3.227637e-03
-7.021719e-04
-3.527714e-03
1.007359e-03
-4.453044e-03
-4.860040e-05
-6.428876e-03
-4.804021e-04
-5.906189e-03
-7.522154e-04
-3.972959e-03
3.062013e-06
-6.237755e-03
-6.979162e-04
-5.581561e-03
-6.298259e-04
-5.849242e-03
-5.723170e-04
-5.907817e-03
-1.093316e-04
-6.366254e-03
-1.352790e-04
-6.307269e-03
1.043141e-04
-6.232273e-03
3.615079e-04
-5.705002e-03
-2.234662e-05
-6.011279e-03
-1.319693e-05
-6.294919e-03
1.079721e-04
-5.765143e-03
-1.529992e-04
-5.042838e-03
-1.490975e-04
-4.008028e-03
-3.404695e-04
-6.130686e-03
1.405703e-03
-3.084336e-03
1.115054e-03
-2.665144e-03
1.219511e-03
-2.728083e-03
-4.826901e-04
-5.378369e-03
-2.350596e-04
-2.059823e-03
-1.471698e-04
-2.449185e-03
-9.439686e-06
-2.856100e-03
-3.306499e-04
-6.151439e-03
-2.018932e-04
-4.967330e-03
1.404251e-03
-5.004955e-03
1.472290e-03
-5.017356e-03
1.410248e-03
-4.922401e-03
1.415654e-03
-4.795494e-03
1.266877e-03
-5.034504e-03
-8.587001e-04
-4.644454e-03
7.648388e-04
-3.915490e-03
6.966079e-04
-3.984759e-03
-2.491144e-04
-4.049677e-03
-7.183193e-04
-4.495427e-03
-5.154079e-04
-4.497959e-03
-1.035597e-03
-4.339465e-03
-8.618925e-04
-4.405939e-03
-1.052061e-04
-6.473328e-03
-1.278537e-04
-6.444652e-03
2.220301e-04
-6.060429e-03
1.958932e-04
-6.053488e-03
3.392371e-04
-5.985766e-03
-7.688192e-04
-5.740798e-03
-5.699778e-04
-5.631889e-03
2.439647e-04
-3.436792e-03
6.041222e-04
-5.231423e-03
5.932289e-04
-3.082462e-03
-8.351667e-05
-6.653696e-03
2.227361e-04
-6.581573e-03
1.802917e-04
-6.625830e-03
-1.249164e-03
-4.622660e-03
8.120403e-04
-5.349330e-03
6.549305e-04
-5.468349e-03
-1.964824e-04
-5.719504e-03
-1.518384e-04
-5.661295e-03
5.899340e-04
-5.548108e-03
-2.415001e-04
-6.273879e-03
3.120330e-04
-4.084401e-03
-8.091304e-04
-2.837095e-03
-7.803976e-04
-2.688102e-03
8.073669e-05
-1.612188e-03
-1.706523e-04
-1.971838e-03
-9.999432e-05
-1.561863e-03
-2.615404e-05
-1.349398e-03
-1.064511e-04
-9.473531e-04
-1.061112e-04
-9.338098e-04
-2.517026e-04
-6.032706e-04
2.853497e-05
-1.202612e-03
1.607439e-04
-1.538976e-03
7.587137e-04
-4.457233e-03
-5.804480e-05
-6.446209e-03
-1.011760e-03
-4.991046e-03
6.457361e-04
-5.757825e-03
2.339478e-05
-6.319539e-03
-6.817930e-04
-5.589225e-03
-6.242268e-04
-5.344184e-03
-5.627291e-04
-5.961035e-03
1.074120e-03
-4.881277e-03
1.166643e-03
-4.761235e-03
-1.287258e-03
-3.538589e-03
-1.514479e-04
-6.713016e-03
-1.400229e-04
-6.736076e-03
-1.162867e-03
-5.348476e-03
-1.169227e-03
-5.394086e-03
1.285259e-03
-4.465719e-03
-5.747534e-04
-2.302517e-03
-6.182806e-04
-2.438867e-03
-6.187435e-04
-2.351118e-03
-6.536214e-04
-2.678066e-03
-5.104227e-04
-2.453047e-03
-5.537864e-04
-2.326969e-03
-4.805247e-04
-2.045090e-03
-4.533415e-04
-2.688915e-03
-6.117340e-04
-2.815578e-03
-5.336723e-04
-2.745118e-03
-3.296450e-04
-2.130195e-03
-3.666808e-04
-2.568028e-03
-3.192457e-04
-1.866272e-03
-3.742981e-04
-1.764146e-03
-3.514677e-04
-1.597725e-03
-6.914713e-05
-4.562575e-03
1.398380e-03
-2.925805e-03
1.517758e-03
-2.962421e-03
1.333726e-03
-2.871053e-03
1.564297e-03
-3.051096e-03
1.676840e-03
-3.022311e-03
5.308881e-04
-4.981999e-03
3.701835e-04
-4.845765e-03
5.943519e-04
-4.391864e-03
6.769718e-04
-4.582533e-03
6.726399e-04
-4.866595e-03
8.054534e-04
-4.943173e-03
1.256879e-05
-6.717608e-03
4.643678e-05
-6.726033e-03
1.149018e-04
-6.717841e-03
1.300208e-04
-6.673610e-03
1.118160e-04
-6.646777e-03
6.342488e-05
-6.639470e-03
2.058698e-05
-6.661214e-03
-1.809976e-04
-6.276476e-03
-7.441421e-05
-5.662824e-03
-3.033192e-04
-6.162202e-03
-2.515880e-04
-6.186779e-03
-3.450582e-04
-6.087602e-03
-3.923221e-04
-6.056625e-03
-5.233297e-04
-4.574000e-03
1.982527e-04
-1.735158e-03
1.591745e-04
-1.909544e-03
2.835176e-04
-1.794670e-03
3.294517e-04
-1.789778e-03
3.267198e-04
-1.675452e-03
4.343969e-04
-1.856728e-03
4.455189e-04
-1.988873e-03
2.268656e-04
-1.460048e-03
-1.243592e-04
-2.261586e-03
-2.318433e-05
-2.039559e-03
1.137955e-04
-2.168734e-03
1.757779e-04
-2.420862e-03
3.446980e-04
-2.036916e-03
2.163599e-04
-2.171791e-03
2.986630e-04
-2.166529e-03
-1.371068e-04
-6.341099e-03
-9.502611e-04
-5.659606e-03
-8.235513e-04
-5.776424e-03
-9.495346e-04
-5.726832e-03
-8.579940e-04
-5.776041e-03
-7.198444e-04
-5.848589e-03
3.236628e-04
-4.215414e-03
2.148413e-04
-4.398036e-03
8.432623e-06
-6.094330e-03
1.992068e-05
-6.121659e-03
7.009730e-05
-6.125403e-03
1.518535e-03
-3.170339e-03
1.596234e-03
-3.240595e-03
1.576426e-03
-3.370573e-03
1.707258e-03
-3.177367e-03
1.778505e-03
-3.064636e-03
8.990409e-04
-3.362260e-03
1.774245e-04
-6.175518e-03
7.009181e-05
-4.845742e-03
-1.049160e-03
-3.267212e-03
-1.110858e-03
-3.281783e-03
-1.152012e-03
-3.348797e-03
-1.180285e-03
-3.171467e-03
-1.153568e-03
-3.065287e-03
-1.121969e-03
-3.160655e-03
-3.486530e-04
-5.527920e-03
-6.261442e-04
-5.920371e-03
-5.609232e-04
-5.971416e-03
-6.282100e-04
-5.904107e-03
-4.381673e-04
-6.050602e-03
-5.113039e-04
-6.002141e-03
-5.075942e-04
-5.999489e-03
-6.120518e-04
-5.942005e-03
-6.760918e-04
-5.911015e-03
-1.699277e-05
-6.277368e-03
-1.143418e-03
-3.976317e-03
1.405611e-04
-5.464860e-03
-3.853017e-04
-5.903566e-03
-7.235503e-05
-6.016120e-03
2.533037e-04
-6.118826e-03
3.248417e-04
-6.050396e-03
-8.824569e-04
-3.637271e-03
9.835352e-04
-2.977920e-03
-6.833179e-04
-5.812657e-03
-7.507051e-04
-5.689759e-03
-8.411780e-04
-5.630817e-03
6.587298e-05
-6.295247e-03
-6.800563e-04
-4.542336e-03
-7.530146e-04
-4.387879e-03
5.337416e-04
-5.924324e-03
-5.824160e-05
-5.529560e-03
-7.282231e-06
-6.379392e-03
3.392014e-04
-6.044359e-03
-1.497978e-03
-4.493562e-03
-1.491740e-03
-3.714582e-03
-1.571083e-03
-3.777403e-03
-1.558391e-03
-3.899086e-03
-1.646357e-03
-4.013923e-03
-1.782430e-03
-3.978252e-03
-1.465108e-03
-3.946487e-03
-1.457740e-03
-4.049842e-03
-1.542566e-03
-4.105837e-03
-6.305737e-04
-5.789016e-03
-5.764182e-04
-5.879497e-03
-8.393085e-05
-6.562855e-03
-8.067066e-05
-6.568269e-03
-3.955308e-04
-6.431673e-03
-4.146485e-04
-6.363180e-03
8.860368e-04
-5.469605e-03
9.330926e-04
-5.466433e-03
1.002477e-03
-5.434407e-03
1.021964e-03
-5.470235e-03
1.253497e-03
-5.230249e-03
1.378802e-03
-5.174915e-03
1.136539e-03
-5.348282e-03
1.077129e-03
-5.254802e-03
1.085085e-03
-5.334959e-03
-1.721207e-04
-6.472453e-03
-1.313276e-04
-6.492362e-03
-8.430988e-04
-2.771267e-03
-8.416288e-04
-2.848386e-03
-8.627681e-04
-2.952111e-03
-8.703856e-04
-3.126375e-03
-9.180590e-04
-3.217399e-03
-9.606722e-04
-3.180398e-03
-8.866762e-04
-2.805372e-03
-9.952597e-04
-3.103695e-03
-9.555276e-04
-2.938963e-03
8.323098e-04
-4.884307e-03
7.640845e-04
-5.220574e-03
-1.378460e-03
-3.898066e-03
-3.795583e-05
-6.138059e-03
-5.979585e-05
-6.173127e-03
-1.321583e-03
-3.815678e-03
-1.358320e-03
-3.688703e-03
-1.415378e-03
-3.674956e-03
8.143353e-04
-4.292065e-03
-1.034380e-03
-4.894395e-03
1.531819e-03
-4.267525e-03
1.674133e-03
-4.169653e-03
1.790386e-03
-4.169553e-03
1.386790e-03
-4.714743e-03
1.607066e-03
-4.328521e-03
1.531532e-03
-4.652608e-03
1.561360e-03
-4.505603e-03
5.297952e-04
-3.885376e-03
6.079533e-04
-5.868191e-03
6.969545e-04
-5.797843e-03
7.804305e-04
-5.712491e-03
1.994926e-04
-5.079824e-03
4.421685e-04
-5.988645e-03
4.152497e-04
-5.916450e-03
5.647198e-04
-5.974130e-03
-3.676181e-04
-6.518219e-03
-4.211752e-04
-6.558455e-03
-3.188659e-04
-6.558338e-03
-2.847298e-04
-6.646164e-03
-2.744344e-04
-6.592978e-03
-2.379786e-04
-6.556080e-03
-2.028282e-04
-6.565437e-03
-1.617853e-04
-6.554462e-03
-2.245606e-04
-6.456581e-03
-2.671874e-04
-6.489332e-03
-4.734521e-04
-5.102661e-03
5.402267e-04
-5.554939e-03
3.761093e-05
-6.223649e-03
-8.727443e-04
-4.528503e-03
4.107203e-04
-4.399240e-03
-3.393035e-04
-6.136227e-03
-3.140112e-04
-6.200942e-03
-2.449909e-04
-6.227186e-03
-3.387806e-04
-6.299271e-03
9.498473e-04
-3.416917e-03
-6.378829e-04
-3.416019e-03
-6.752584e-04
-3.658631e-03
-3.752963e-04
-5.793205e-03
-4.253934e-04
-5.792359e-03
-4.187796e-04
-5.692333e-03
6.177026e-05
-6.588494e-03
1.136019e-04
-6.564586e-03
-3.444554e-05
-4.566351e-03
2.500635e-04
-6.092327e-03
1.851807e-04
-6.113378e-03
1.968194e-04
-6.085799e-03
3.069050e-04
-6.035338e-03
9.720733e-05
-6.142601e-03
9.065977e-04
-2.483856e-03
9.870009e-04
-2.584064e-03
1.057204e-03
-2.471709e-03
1.036730e-03
-2.330386e-03
-1.132193e-05
-6.363717e-03
-9.276357e-04
-5.316844e-03
-8.076285e-05
-6.142819e-03
3.222852e-04
-5.675261e-03
2.507660e-04
-5.774071e-03
1.324878e-03
-3.359371e-03
1.421211e-03
-3.343421e-03
1.298251e-03
-3.199542e-03
1.407961e-03
-3.203134e-03
1.460754e-03
-3.456368e-03
4.370651e-04
-5.979280e-03
3.689692e-04
-6.029603e-03
7.330865e-04
-2.590426e-03
7.674009e-04
-2.795033e-03
7.303541e-04
-2.948526e-03
6.592698e-04
-3.164279e-03
6.752260e-04
-3.004133e-03
6.358728e-04
-2.676068e-03
6.646797e-04
-2.843870e-03
-3.032993e-05
-6.725146e-03
-7.942764e-06
-6.700266e-03
-1.630110e-05
-6.675086e-03
3.164367e-04
-5.929924e-03
3.083265e-04
-5.898114e-03
8.571545e-05
-5.987921e-03
-1.146602e-03
-3.646076e-03
9.486232e-04
-4.457518e-03
-1.402470e-04
-6.360821e-03
-1.618931e-04
-6.360769e-03
-7.505726e-05
-6.722177e-03
-6.522514e-05
-6.771612e-03
-1.123431e-04
-6.759940e-03
-9.628487e-05
-6.740362e-03
-4.071468e-05
-6.433863e-03
-1.648576e-05
-6.471034e-03
-5.051359e-04
-5.193831e-03
-6.325772e-04
-5.166906e-03
5.684245e-04
-5.468546e-03
-8.225845e-04
-5.672429e-03
-8.100091e-04
-5.633570e-03
-6.890473e-04
-5.691140e-03
-6.998474e-04
-5.729918e-03
-7.324533e-04
-5.718049e-03
-6.404747e-04
-5.863037e-03
-6.856186e-04
-5.788533e-03
-5.804087e-04
-5.927234e-03
-6.189140e-04
-5.899578e-03
-8.991158e-04
-5.660629e-03
-7.910293e-04
-5.743468e-03
-7.222053e-04
-5.808074e-03
-1.165186e-03
-4.099831e-03
-9.929549e-04
-4.419221e-03
3.419812e-04
-2.885255e-03
-7.935449e-04
-4.677069e-03
-8.097333e-04
-5.383822e-03
2.934141e-05
-5.751859e-03
8.027027e-05
-5.618875e-03
8.973351e-04
-5.259625e-03
9.463995e-04
-5.315115e-03
9.331599e-04
-5.134861e-03
7.745662e-04
-5.333524e-03
8.142099e-04
-5.240389e-03
-1.986771e-04
-6.337493e-03
-1.455707e-04
-3.071815e-03
3.150512e-07
-3.240453e-03
-2.385368e-04
-3.181821e-03
-3.543860e-04
-2.914191e-03
-4.063947e-04
-3.245934e-03
-4.829126e-04
-3.146674e-03
-2.466794e-04
-3.894392e-03
-2.875672e-04
-3.711934e-03
-2.990454e-04
-3.492894e-03
-2.084126e-04
-3.411833e-03
-8.770522e-05
-3.565150e-03
-4.402083e-05
-4.114365e-03
-5.852033e-05
-3.792624e-03
1.747805e-04
-3.649378e-03
2.983123e-04
-3.945622e-03
5.364918e-04
-3.938274e-03
8.909198e-04
-4.022312e-03
1.909440e-04
-5.877800e-03
1.298914e-04
-5.919763e-03
1.938211e-04
-5.952754e-03
-1.107577e-03
-3.596072e-03
-6.849361e-04
-5.321774e-03
-1.239055e-03
-4.965472e-03
-3.514398e-04
-6.028728e-03
-3.731515e-04
-6.026270e-03
6.368368e-04
-3.365925e-03
6.971505e-04
-3.283312e-03
7.943019e-04
-3.241010e-03
5.119920e-04
-5.872850e-03
5.717629e-04
-5.815934e-03
4.404486e-04
-2.372091e-03
4.489014e-04
-2.132974e-03
5.200950e-04
-2.170049e-03
4.877320e-04
-2.671067e-03
3.252217e-04
-2.700655e-03
2.156082e-04
-2.667288e-03
4.113045e-04
-2.498962e-03
-5.459066e-04
-5.967284e-03
-5.816439e-04
-5.867983e-03
-5.582054e-04
-5.754684e-03
1.031559e-03
-3.348026e-03
-8.860822e-04
-4.040799e-03
1.068122e-03
-2.792829e-03
1.003547e-03
-2.729289e-03
9.459968e-04
-2.856166e-03
8.751658e-04
-2.709712e-03
8.265761e-04
-3.017021e-03
8.403702e-04
-2.843542e-03
8.626488e-04
-2.575547e-03
7.952241e-04
-2.514004e-03
7.386655e-04
-2.462759e-03
5.705305e-04
-2.640105e-03
5.162075e-04
-3.073009e-03
5.506890e-04
-2.871790e-03
5.953348e-04
-2.286198e-03
5.993591e-04
-2.467804e-03
6.684214e-04
-2.342619e-03
6.954438e-04
-2.252627e-03
7.266488e-04
-2.111889e-03
7.287751e-04
-2.201793e-03
-3.664761e-04
-4.613098e-03
2.262042e-04
-5.820206e-03
3.365105e-04
-5.939288e-03
2.202162e-04
-5.990746e-03
2.159301e-04
-6.089997e-03
2.998637e-04
-6.158475e-03
5.669653e-04
-5.188326e-03
6.008280e-04
-5.073894e-03
-8.962928e-05
-6.552933e-03
5.151041e-04
-5.479318e-03
4.932677e-04
-4.891419e-03
-1.854118e-04
-6.124776e-03
-3.609251e-04
-6.136169e-03
-8.001925e-04
-3.689959e-03
-1.054048e-03
-3.879590e-03
-5.855883e-04
-3.706280e-03
-4.421666e-04
-3.828361e-03
-5.092796e-04
-4.124355e-03
-3.856369e-04
-4.224042e-03
1.375314e-04
-6.225687e-03
1.694042e-04
-6.194010e-03
1.304659e-04
-6.384073e-03
1.137601e-04
-6.497679e-03
3.055647e-04
-6.425166e-03
2.634664e-04
-6.497815e-03
1.802782e-04
-6.493791e-03
-3.587894e-04
-5.613505e-03
-9.537235e-04
-5.342156e-03
-1.026445e-03
-5.242747e-03
-1.539714e-04
-5.979018e-03
1.160542e-05
-6.352188e-03
-7.258232e-06
-6.342554e-03
-2.572477e-05
-6.438687e-03
-1.101094e-03
-3.487259e-03
-1.046993e-03
-3.357010e-03
-9.966973e-04
-3.332796e-03
-1.147141e-03
-3.449212e-03
-1.187167e-03
-3.504158e-03
-1.271811e-03
-3.430427e-03
-1.351277e-03
-3.430909e-03
-1.417254e-03
-3.545048e-03
-1.495955e-03
-3.536158e-03
-1.563159e-03
-3.532464e-03
-1.645895e-03
-3.437439e-03
-1.227349e-03
-3.652206e-03
-1.185390e-03
-3.596721e-03
-9.889419e-04
-4.843610e-03
-9.409780e-04
-4.969131e-03
-1.326813e-04
-6.240667e-03
-9.274116e-05
-6.237484e-03
-8.456102e-05
-6.285052e-03
-1.254836e-04
-6.297070e-03
-9.076643e-05
-6.261778e-03
9.760279e-04
-3.784975e-03
-1.394587e-03
-4.714886e-03
-1.354691e-03
-4.868963e-03
-1.373761e-03
-4.969826e-03
-1.400441e-03
-5.071247e-03
-1.495123e-03
-5.025353e-03
-1.310669e-03
-5.205288e-03
-1.126646e-03
-5.312823e-03
-1.205525e-03
-5.244536e-03
-1.104184e-03
-5.175462e-03
-1.150156e-03
-5.185945e-03
-1.135919e-03
-5.048980e-03
-1.027414e-03
-5.383826e-03
-9.292051e-04
-5.430140e-03
-8.640497e-04
-5.524776e-03
-9.987208e-04
-5.570998e-03
-1.113318e-03
-5.487668e-03
-1.205428e-03
-5.475412e-03
-9.267823e-04
-5.584925e-03
-9.780781e-04
-5.495201e-03
1.487284e-03
-3.834557e-03
1.479326e-03
-3.717094e-03
1.406788e-03
-3.620926e-03
-9.938323e-05
-6.578368e-03
-1.010289e-04
-6.619576e-03
-9.935548e-05
-6.650055e-03
-8.296287e-05
-6.607122e-03
-8.978008e-05
-6.633522e-03
-5.073191e-04
-4.992402e-03
-4.426733e-04
-5.079410e-03
-2.487861e-04
-4.793133e-03
-2.258493e-04
-4.932156e-03
-2.202612e-04
-5.056022e-03
3.867399e-04
-4.526462e-03
4.594389e-04
-4.558496e-03
3.007112e-04
-4.578245e-03
7.240783e-04
-4.606979e-03
-7.816754e-04
-4.091453e-03
-7.104799e-04
-4.202851e-03
-1.268243e-03
-4.272164e-03
5.272721e-04
-5.916466e-03
4.594739e-04
-5.966953e-03
3.843137e-04
-6.018894e-03
4.309102e-04
-5.977127e-03
4.353358e-04
-5.961180e-03
4.136112e-04
-5.998903e-03
4.279393e-04
-5.984712e-03
2.827679e-04
-6.087489e-03
3.000061e-04
-6.071120e-03
7.195747e-05
-6.171093e-03
1.407765e-04
-6.159686e-03
2.073614e-04
-6.137161e-03
-2.566450e-04
-5.477321e-03
-1.857412e-04
-5.490470e-03
3.539185e-04
-5.403459e-03
9.774851e-04
-3.915053e-03
-2.091346e-04
-6.328635e-03
3.199478e-05
-4.388888e-03
9.970617e-05
-4.592381e-03
2.060302e-04
-4.811621e-03
-9.633311e-05
-4.259230e-03
-2.571131e-04
-4.194107e-03
-3.206067e-04
-4.003381e-03
-4.256154e-04
-3.918896e-03
-5.226601e-04
-3.790667e-03
-5.517053e-04
-3.929563e-03
-5.319193e-04
-3.370825e-03
-4.623263e-04
-3.680540e-03
-6.407483e-04
-3.219312e-03
-6.726696e-04
-2.988696e-03
-7.130241e-04
-2.851654e-03
-8.147662e-04
-3.147745e-03
-7.694382e-04
-3.052745e-03
-6.625329e-04
-2.431250e-03
-7.194736e-04
-2.569866e-03
-7.242747e-04
-2.707890e-03
-6.016492e-04
-2.283978e-03
2.944787e-04
-4.396392e-03
4.166838e-04
-4.223808e-03
3.283263e-04
-4.264584e-03
-1.040939e-04
-4.985027e-03
-7.546682e-05
-5.078040e-03
2.051767e-04
-5.193376e-03
1.549591e-04
-5.189846e-03
-9.994263e-04
-4.263646e-03
-1.109985e-03
-4.246259e-03
-1.068921e-03
-4.229579e-03
1.066795e-03
-3.717236e-03
1.080913e-03
-3.573580e-03
9.708121e-04
-3.656255e-03
1.022281e-03
-3.535856e-03
9.141096e-04
-3.610865e-03
1.583407e-04
-5.327747e-03
2.315529e-04
-5.471119e-03
1.875213e-04
-5.733151e-03
2.692009e-04
-5.632290e-03
2.621965e-04
-5.724865e-03
-3.748843e-04
-5.987042e-03
-4.073004e-04
-6.053924e-03
-5.121487e-04
-6.084180e-03
-4.663502e-04
-6.178594e-03
-3.263090e-04
-4.381597e-03
-4.485151e-04
-6.024955e-03
-4.133246e-04
-6.076642e-03
-3.772772e-04
-6.119856e-03
-6.318894e-04
-4.273598e-03
-6.119301e-04
-4.122992e-03
-5.951259e-04
-4.570805e-03
-5.895954e-04
-4.439892e-03
-5.577218e-04
-4.753792e-03
-7.733020e-04
-3.777172e-03
-8.395999e-04
-3.722377e-03
7.140701e-04
-5.414315e-03
6.269574e-04
-5.392260e-03
6.617140e-04
-5.401872e-03
6.767803e-04
-5.503933e-03
5.713119e-04
-5.704742e-03
5.697234e-04
-5.760348e-03
6.238368e-04
-5.751549e-03
7.028417e-04
-5.688755e-03
4.782654e-04
-5.855625e-03
4.011391e-04
-5.933044e-03
3.839661e-04
-5.971568e-03
3.939863e-04
-5.910509e-03
3.284054e-04
-6.035079e-03
3.676992e-04
-6.003262e-03
4.314123e-04
-5.950474e-03
4.370347e-04
-5.963533e-03
2.165000e-04
-6.139993e-03
3.608041e-04
-6.033765e-03
2.960473e-04
-6.084630e-03
7.372639e-04
-5.717663e-03
6.597858e-04
-5.782769e-03
5.849933e-04
-5.854911e-03
4.990378e-04
-5.921051e-03
9.554548e-05
-6.213462e-03
1.618227e-04
-6.177962e-03
2.018846e-04
-6.164540e-03
1.429871e-04
-6.200005e-03
1.920199e-04
-6.168868e-03
1.606994e-04
-6.202287e-03
2.116784e-04
-6.153466e-03
2.671364e-04
-6.089938e-03
2.848481e-04
-6.044951e-03
2.514355e-04
-6.095532e-03
1.939160e-04
-6.128234e-03
2.584209e-04
-6.045528e-03
3.278652e-04
-5.950307e-03
3.889639e-04
-5.875592e-03
4.351807e-04
-5.786012e-03
-9.860259e-05
-6.219303e-03
-1.264293e-04
-6.279003e-03
-4.224799e-05
-6.216959e-03
-5.528196e-05
-6.270836e-03
-9.983926e-06
-6.134921e-03
-8.825552e-04
-3.828931e-03
-9.482499e-04
-3.831935e-03
-8.414369e-04
-3.986992e-03
-8.043349e-04
-4.217088e-03
-1.067402e-03
-3.686041e-03
-1.022250e-03
-3.671687e-03
-9.743448e-04
-3.631005e-03
-9.162521e-04
-3.340015e-03
-8.913419e-04
-3.422899e-03
-9.627345e-04
-3.469092e-03
-8.293057e-04
-3.350383e-03
-7.729076e-04
-3.428387e-03
-7.436016e-04
-3.629287e-03
-5.475818e-04
-4.158333e-03
-6.999563e-04
-3.845908e-03
-6.160560e-04
-3.944910e-03
-1.275180e-03
-4.399805e-03
-1.229947e-03
-4.552350e-03
-1.138635e-03
-4.370355e-03
-1.197785e-03
-4.263690e-03
-1.087477e-03
-4.519141e-03
-1.231546e-03
-4.070444e-03
-1.216362e-03
-3.831105e-03
-1.263416e-03
-3.889967e-03
-1.145227e-03
-3.755862e-03
-1.089403e-03
-3.828676e-03
-1.025242e-03
-3.976182e-03
-9.849788e-04
-4.132540e-03
-9.131854e-04
-4.175013e-03
-1.379823e-03
-4.291460e-03
-1.320889e-03
-4.084666e-03
-1.402773e-03
-4.137163e-03
-8.838475e-04
-4.325262e-03
-8.000345e-04
-4.429260e-03
-7.574406e-04
-4.599412e-03
-9.208951e-04
-4.470152e-03
-9.741628e-04
-4.533907e-03
-9.740387e-04
-4.655933e-03
-9.232926e-04
-4.771043e-03
-1.025075e-03
-4.627516e-03
-1.102253e-03
-4.812037e-03
-1.128525e-03
-4.622235e-03
-1.052025e-03
-4.687437e-03
-1.168359e-03
-4.849214e-03
-1.043476e-03
-5.076186e-03
-9.857169e-04
-5.080644e-03
-1.118016e-03
-4.958056e-03
-1.530759e-03
-4.279606e-03
-1.610766e-03
-4.312042e-03
-1.747607e-03
-4.266694e-03
-1.443041e-03
-4.318926e-03
-1.398311e-03
-4.488285e-03
-1.354249e-03
-4.635807e-03
-1.244889e-03
-4.714168e-03
7.025305e-05
-5.716735e-03
-9.171433e-05
-5.494391e-03
1.833756e-05
-5.560347e-03
-2.164848e-04
-5.170476e-03
-1.119366e-04
-5.326996e-03
-2.291037e-05
-5.082046e-03
4.800685e-05
-5.264224e-03
-4.744567e-05
-5.313183e-03
-3.739934e-04
-4.976568e-03
-2.841651e-04
-5.088990e-03
-3.802909e-04
-5.215458e-03
-2.699527e-04
-5.257431e-03
-4.548567e-04
-4.829359e-03
-4.976689e-04
-4.874639e-03
-4.031182e-04
-4.245919e-03
-2.796313e-04
-4.416208e-03
-1.490401e-04
-4.806372e-03
-4.043177e-05
-4.925154e-03
-1.753542e-04
-4.626970e-03
-4.752813e-04
-4.302667e-03
-4.517755e-04
-4.524637e-03
-4.589403e-04
-4.699810e-03
5.755306e-04
-5.424304e-03
7.474792e-04
-5.303648e-03
3.724419e-04
-5.444038e-03
2.793648e-04
-4.994612e-03
1.140741e-04
-4.989644e-03
3.705589e-04
-5.236249e-03
8.144491e-07
-3.395429e-03
-2.325747e-04
-3.158914e-03
-1.133566e-04
-3.375499e-03
-2.224418e-04
-3.644371e-03
-1.566819e-04
-3.819683e-03
-1.265448e-04
-4.047462e-03
-1.010933e-04
-2.865998e-03
-1.642240e-04
-2.721195e-03
-3.928344e-04
-2.839425e-03
-6.796485e-04
-2.747197e-03
-1.031832e-03
-3.021834e-03
1.167902e-04
-2.862366e-03
1.349514e-05
-2.914340e-03
-3.777593e-04
-6.116199e-03
-3.106279e-04
-6.170493e-03
-2.468995e-04
-6.217007e-03
-1.731352e-04
-6.216147e-03
-2.079685e-04
-6.231921e-03
-1.701490e-04
-6.238491e-03
-2.376132e-04
-6.241531e-03
1.127394e-03
-4.348296e-03
1.144373e-03
-4.228762e-03
-2.180946e-04
-6.287350e-03
-1.895477e-04
-6.316706e-03
-7.253590e-05
-6.434982e-03
-6.618440e-05
-6.396004e-03
-2.478753e-04
-6.248920e-03
-3.587714e-04
-6.136560e-03
-3.022694e-04
-6.202310e-03
-5.961528e-04
-5.322811e-03
-5.426825e-04
-5.423755e-03
-5.930968e-04
-5.216548e-03
-6.637548e-04
-5.129048e-03
-7.215250e-04
-5.089794e-03
-7.492501e-04
-5.232561e-03
-7.497605e-04
-5.139690e-03
-7.793592e-04
-4.952533e-03
-8.647810e-04
-4.890438e-03
-8.695238e-04
-5.042783e-03
-8.436371e-04
-4.799147e-03
-5.428074e-04
-5.199804e-03
-7.019416e-04
-4.789081e-03
-7.428562e-04
-4.854041e-03
-6.100027e-04
-4.862170e-03
-5.492915e-04
-4.932842e-03
-5.267679e-04
-5.095194e-03
-4.931808e-04
-5.329508e-03
-2.013370e-04
-6.319781e-03
-2.019225e-04
-6.308380e-03
-1.889105e-04
-6.296958e-03
-1.173478e-04
-6.325260e-03
-1.554207e-04
-6.304442e-03
-1.928623e-05
-6.179290e-03
2.236639e-05
-6.129393e-03
8.862062e-05
-6.143557e-03
5.072073e-05
-5.850334e-03
-1.048735e-04
-5.884475e-03
-3.767479e-05
-5.797488e-03
4.212857e-05
-6.017473e-03
1.035207e-04
-5.957516e-03
-8.666696e-05
-6.536449e-03
-1.000849e-04
-6.522261e-03
-1.157192e-04
-6.487941e-03
-1.063459e-04
-6.503406e-03
-9.919370e-05
-6.505839e-03
-4.069685e-05
-6.458772e-03
-5.694209e-05
-6.491187e-03
-3.615342e-05
-6.436765e-03
-3.515790e-05
-6.392377e-03
-4.916890e-05
-6.382232e-03
-2.071337e-05
-6.404814e-03
-4.851494e-06
-6.401549e-03
5.083216e-05
-6.327978e-03
2.193062e-05
-6.366532e-03
2.061606e-05
-6.366525e-03
6.792229e-05
-6.306723e-03
1.519063e-04
-6.178426e-03
1.036193e-04
-6.263896e-03
1.073825e-04
-6.250387e-03
9.544408e-05
-6.261709e-03
4.971685e-05
-6.321150e-03
8.619978e-05
-6.280470e-03
6.535548e-05
-6.278014e-03
7.273044e-05
-6.261653e-03
6.449653e-05
-6.246314e-03
-7.120044e-06
-6.191265e-03
2.382923e-05
-6.244232e-03
-2.126830e-05
-6.226152e-03
-1.405806e-04
-6.195268e-03
-7.737179e-05
-6.189920e-03
-2.172026e-04
-6.189403e-03
-6.491230e-05
-6.329565e-03
-4.750890e-05
-6.354475e-03
-1.690130e-05
-6.306635e-03
2.434920e-05
-6.278837e-03
-1.081883e-04
-6.391970e-03
-7.275026e-05
-6.375021e-03
-2.627782e-04
-6.152244e-03
-4.261196e-04
-6.066673e-03
-3.465047e-04
-6.118224e-03
-4.728109e-04
-6.033830e-03
-4.400720e-04
-6.060607e-03
-4.930839e-04
-6.007442e-03
-5.353297e-04
-5.938173e-03
-4.953892e-04
-5.995578e-03
-5.010601e-04
-5.951074e-03
-2.723358e-04
-6.126869e-03
-1.828796e-04
-6.137429e-03
-1.260077e-04
-6.116747e-03
-1.083144e-04
-6.085904e-03
-1.094560e-04
-6.055047e-03
1.609966e-04
-5.564626e-03
2.477256e-04
-5.451330e-03
2.819641e-04
-5.491489e-03
1.193985e-03
-4.062374e-03
1.112853e-03
-4.151111e-03
4.681307e-04
-4.031370e-03
4.545258e-04
-3.831756e-03
5.424018e-04
-4.207507e-03
4.781499e-04
-4.207839e-03
-5.551134e-04
-5.712586e-03
-5.936111e-04
-5.720129e-03
-6.572191e-04
-5.582465e-03
-4.892336e-04
-5.889028e-03
-5.090711e-04
-5.816102e-03
-4.786353e-04
-5.818961e-03
-3.318260e-04
-6.131287e-03
-3.735233e-04
-6.057969e-03
-4.281341e-04
-5.985940e-03
-4.153082e-04
-6.036227e-03
-2.842646e-04
-6.226752e-03
-3.349748e-04
-6.161653e-03
-3.657710e-04
-6.111338e-03
-6.697642e-04
-5.669075e-03
-7.355291e-04
-5.606813e-03
-8.193267e-04
-5.518915e-03
-8.894057e-04
-5.293211e-03
-8.592100e-04
-5.392422e-03
-9.035654e-04
-5.174790e-03
-8.401130e-04
-5.180347e-03
-7.893637e-04
-5.276968e-03
-7.510425e-04
-5.400493e-03
-5.929474e-04
-5.778233e-03
-6.874147e-04
-5.478396e-03
-5.308292e-04
-5.889085e-03
-4.652837e-04
-5.980879e-03
-6.701566e-04
-5.431998e-03
-5.926237e-04
-5.538534e-03
-3.436091e-05
-6.584489e-03
-4.572525e-05
-6.518179e-03
-6.376426e-06
-6.586862e-03
-3.339392e-05
-6.646765e-03
-3.679815e-06
-6.633599e-03
6.295013e-05
-6.449892e-03
2.124166e-05
-6.496727e-03
2.518031e-05
-6.558123e-03
-6.623468e-05
-6.693567e-03
-9.159455e-05
-6.689292e-03
-6.895139e-05
-6.664115e-03
-1.191437e-04
-6.671870e-03
-5.701931e-05
-6.640412e-03
-6.923572e-05
-6.611425e-03
-7.929213e-05
-6.601711e-03
-8.298876e-05
-6.582703e-03
-8.702405e-05
-6.550690e-03
-7.914169e-05
-6.489652e-03
-7.614739e-05
-6.529766e-03
-6.997982e-05
-6.577668e-03
-1.145672e-04
-6.440481e-03
-1.048257e-04
-6.424685e-03
-1.360643e-04
-6.414174e-03
-7.255617e-05
-6.505005e-03
-8.817832e-05
-6.492593e-03
-8.691366e-05
-6.462995e-03
-7.845704e-05
-6.535419e-03
-7.177142e-05
-6.535371e-03
1.422775e-04
-6.251304e-03
3.942187e-04
-6.410006e-03
2.092715e-04
-6.322653e-03
2.956026e-04
-6.250989e-03
3.472765e-04
-6.333417e-03
8.163292e-05
-6.303993e-03
4.094514e-05
-6.367585e-03
-6.662290e-05
-6.313224e-03
-2.294962e-06
-6.361500e-03
-1.904370e-04
-6.344674e-03
-2.235393e-04
-6.307815e-03
-2.675938e-04
-6.247335e-03
-2.951856e-04
-6.178185e-03
-2.553593e-04
-6.255860e-03
-2.640215e-04
-6.158206e-03
-2.619146e-04
-6.207335e-03
-1.617668e-04
-6.389307e-03
-1.713120e-04
-6.386396e-03
-1.413675e-04
-6.438022e-03
-1.367816e-04
-6.445186e-03
-1.357887e-04
-6.431344e-03
-1.680629e-04
-6.317527e-03
-1.448074e-04
-6.385246e-03
-1.690863e-04
-6.259605e-03
-2.034150e-04
-6.171152e-03
-2.283988e-04
-6.185644e-03
-9.779178e-05
-6.143044e-03
-1.062232e-04
-6.069120e-03
-2.793317e-04
-6.100772e-03
-1.066146e-04
-6.220214e-03
-1.354530e-04
-6.252020e-03
-1.854838e-04
-6.034026e-03
-1.585165e-04
-5.989826e-03
-4.300978e-04
-5.420237e-03
-3.953426e-04
-5.367069e-03
-3.235639e-04
-5.455458e-03
-3.025991e-04
-5.598024e-03
-2.471274e-04
-5.733973e-03
-4.515846e-04
-5.485826e-03
-1.803847e-04
-5.846680e-03
-3.732795e-04
-5.699123e-03
-3.106451e-04
-5.810850e-03
-2.620862e-04
-5.924563e-03
-4.392981e-04
-5.590714e-03
-3.170549e-04
-5.937323e-03
-3.294486e-04
-6.000969e-03
-4.679873e-04
-5.611593e-03
-5.180621e-04
-5.531138e-03
-5.463937e-04
-5.556916e-03
-3.948835e-04
-5.880553e-03
-4.620830e-04
-5.772916e-03
-5.317158e-04
-5.650216e-03
1.320368e-04
-6.183243e-03
1.453848e-04
-6.127741e-03
3.734657e-04
-5.768074e-03
2.305212e-04
-5.920162e-03
3.042039e-04
-5.855412e-03
1.731388e-04
-6.036171e-03
4.443326e-04
-5.660955e-03
4.346273e-04
-5.586115e-03
4.914461e-04
-5.674194e-03
7.341544e-04
-5.527464e-03
6.465847e-04
-5.588578e-03
5.619421e-04
-5.622642e-03
5.838471e-04
-5.645118e-03
1.176893e-03
-5.044450e-03
1.090673e-03
-5.172335e-03
1.017242e-03
-5.268436e-03
9.307266e-04
-5.386232e-03
8.319979e-04
-5.455352e-03
9.016526e-04
-5.569669e-03
8.802278e-04
-5.639553e-03
1.030703e-03
-5.586577e-03
1.033555e-03
-5.540361e-03
7.943943e-04
-5.638966e-03
7.585883e-04
-5.559591e-03
7.583335e-04
-5.612391e-03
1.460701e-03
-3.961904e-03
1.212691e-03
-3.108169e-03
1.171574e-03
-3.256102e-03
1.087554e-03
-3.234194e-03
1.158716e-03
-3.471431e-03
1.322367e-03
-3.610664e-03
1.255035e-03
-3.721234e-03
1.268134e-03
-3.463317e-03
8.255071e-04
-3.397457e-03
8.679883e-04
-3.198632e-03
1.025197e-03
-3.081896e-03
9.286857e-04
-3.188000e-03
1.074797e-03
-3.127788e-03
1.098652e-03
-2.950405e-03
1.181463e-03
-2.969308e-03
1.340083e-03
-2.637042e-03
1.455619e-03
-2.634049e-03
1.286915e-03
-2.781310e-03
1.242272e-03
-2.870794e-03
-9.415633e-05
-5.470618e-03
-1.797994e-04
-5.569875e-03
-2.457189e-04
-5.496430e-03
-1.950412e-04
-5.694446e-03
4.131849e-05
-4.408588e-03
-1.919539e-04
-6.390830e-03
-2.474510e-04
-6.386560e-03
-3.087018e-04
-6.390144e-03
-3.553544e-04
-6.352487e-03
-4.003244e-04
-6.306722e-03
-4.953085e-04
-6.286991e-03
-6.461758e-04
-6.194073e-03
-5.502796e-04
-6.238224e-03
-1.407909e-04
-6.350933e-03
-1.674363e-04
-6.307917e-03
-1.998928e-04
-6.261740e-03
7.709347e-05
-6.152760e-03
6.283440e-05
-6.107878e-03
3.790754e-05
-6.063968e-03
1.013508e-04
-6.167010e-03
8.580331e-05
-6.234225e-03
-1.317961e-04
-6.543304e-03
-1.468101e-04
-6.603874e-03
-1.065897e-04
-6.540733e-03
-1.499404e-04
-6.647505e-03
-1.938220e-04
-6.681203e-03
-1.851320e-04
-6.651323e-03
-2.295318e-04
-6.688419e-03
-1.866912e-04
-6.755035e-03
-2.203974e-04
-6.725948e-03
1.023302e-05
-6.367926e-03
-4.125759e-05
-6.459333e-03
-2.662731e-05
-6.411258e-03
-5.996611e-05
-6.499690e-03
-6.553797e-05
-6.480139e-03
4.101276e-05
-6.302030e-03
-9.310076e-05
-6.495381e-03
1.945166e-05
-6.296302e-03
-2.265400e-05
-6.344503e-03
-5.704246e-05
-6.328313e-03
-1.066271e-04
-6.378265e-03
-9.829245e-05
-6.451698e-03
9.612255e-04
-4.833798e-03
1.101728e-03
-4.493092e-03
1.026346e-03
-4.622634e-03
8.755897e-04
-4.723485e-03
9.574235e-04
-4.606944e-03
1.226114e-03
-4.441245e-03
1.246297e-03
-4.326784e-03
1.159271e-03
-4.541835e-03
1.286181e-03
-4.751151e-03
1.244302e-03
-4.644786e-03
1.166762e-03
-4.647011e-03
1.169240e-03
-4.940554e-03
9.843924e-04
-4.999531e-03
1.061340e-03
-4.985283e-03
9.179154e-04
-4.981907e-03
8.398619e-04
-4.998223e-03
1.544171e-03
-4.016498e-03
1.476412e-03
-4.190561e-03
1.679979e-03
-3.936314e-03
1.736304e-03
-3.760429e-03
1.857145e-03
-3.729047e-03
-9.529839e-04
-5.082106e-03
1.380593e-03
-4.193148e-03
1.183617e-03
-3.813515e-03
1.103102e-03
-3.859040e-03
1.018062e-03
-3.971887e-03
1.013397e-03
-4.120439e-03
1.386117e-03
-4.065776e-03
1.241733e-03
-3.950531e-03
1.285065e-03
-4.034819e-03
-6.204231e-04
-4.900890e-03
-5.258576e-04
-4.726039e-03
-4.088935e-04
-4.585210e-03
-7.630151e-04
-4.828915e-03
-8.384615e-04
-4.980091e-03
-7.360711e-04
-5.075975e-03
-7.319603e-04
-5.278502e-03
-7.051810e-04
-5.416848e-03
-2.938295e-04
-4.798772e-03
-2.744979e-04
-4.578493e-03
-5.056678e-06
-4.060980e-03
1.049978e-04
-3.921382e-03
-3.772518e-05
-4.314758e-03
-1.883563e-04
-4.405046e-03
2.035675e-04
-3.681163e-03
2.962016e-04
-3.027446e-03
3.256246e-04
-3.187599e-03
4.334492e-04
-3.152701e-03
1.715304e-04
-3.073167e-03
1.141323e-04
-3.343906e-03
1.669090e-04
-3.437499e-03
3.092998e-04
-3.716657e-03
4.105661e-04
-3.430548e-03
4.205720e-04
-3.619160e-03
1.850233e-04
-4.141355e-03
2.779357e-04
-3.959216e-03
1.474218e-04
-4.336968e-03
2.126916e-04
-4.405729e-03
6.151616e-04
-3.729113e-03
5.613128e-04
-3.672563e-03
5.436239e-04
-3.458105e-03
4.878932e-04
-3.292694e-03
2.203091e-04
-4.714601e-03
1.649247e-04
-4.599414e-03
-1.041886e-04
-4.761011e-03
-2.040424e-04
-4.834470e-03
-2.999965e-05
-4.799439e-03
1.062959e-04
-4.725205e-03
-2.913905e-04
-4.995034e-03
-3.433069e-04
-5.106094e-03
-1.513989e-04
-5.264139e-03
-7.671891e-05
-5.213045e-03
-2.747457e-04
-5.224197e-03
-3.272865e-04
-5.409577e-03
-4.656696e-04
-5.482004e-03
-5.903796e-04
-5.547428e-03
-3.397184e-04
-5.823453e-03
-3.691999e-04
-5.675621e-03
-4.869216e-04
-5.659134e-03
-1.510821e-04
-5.777019e-03
-1.303728e-04
-5.892945e-03
-2.315199e-04
-5.854126e-03
6.178973e-06
-6.006462e-03
-1.250659e-04
-6.066607e-03
-6.659822e-05
-6.068801e-03
-1.608312e-04
-6.161306e-03
-2.027502e-04
-6.154748e-03
-2.797075e-04
-5.993271e-03
-2.431193e-04
-6.070814e-03
-4.749014e-05
-5.833772e-03
3.096904e-05
-5.924720e-03
-3.897945e-06
-5.869975e-03
-1.136143e-05
-5.565156e-03
-5.192607e-05
-5.723772e-03
3.921245e-04
-5.553941e-03
1.126223e-04
-5.846969e-03
1.755530e-04
-5.747647e-03
2.574593e-04
-5.658174e-03
3.164507e-04
-5.604351e-03
1.590786e-04
-5.416106e-03
2.234284e-04
-5.259896e-03
7.029828e-05
-5.463810e-03
-1.333552e-05
-5.347452e-03
6.267428e-05
-5.354255e-03
-1.615711e-05
-5.236739e-03
1.969306e-04
-4.870437e-03
7.182494e-05
-5.103253e-03
1.084674e-04
-4.908545e-03
2.637088e-04
-4.901437e-03
3.286237e-04
-4.826515e-03
4.303608e-04
-4.878188e-03
3.386399e-04
-5.057221e-03
3.096509e-04
-5.214729e-03
4.334440e-04
-4.737208e-03
3.747389e-04
-5.234325e-03
4.579180e-04
-5.128170e-03
5.086397e-04
-4.616582e-03
5.470545e-04
-4.921055e-03
5.193619e-04
-5.041789e-03
4.509700e-04
-5.390472e-03
5.057277e-04
-5.268392e-03
4.702056e-04
-5.209828e-03
7.211983e-04
-5.213386e-03
6.275638e-04
-5.274785e-03
5.245952e-04
-5.398081e-03
7.678896e-04
-5.094745e-03
6.986779e-04
-4.998005e-03
7.293391e-04
-5.058059e-03
6.345195e-04
-4.845868e-03
7.211254e-04
-4.821583e-03
6.499539e-04
-4.685195e-03
6.287509e-04
-4.619222e-03
6.188249e-04
-4.497296e-03
9.017227e-04
-4.177787e-03
9.186188e-04
-4.035789e-03
9.505739e-04
-4.216178e-03
8.122145e-04
-4.513287e-03
9.327694e-04
-4.367382e-03
8.307473e-04
-4.666446e-03
7.639822e-04
-4.216853e-03
6.697434e-04
-4.296583e-03
8.634459e-04
-4.000982e-03
6.235782e-04
-3.874392e-03
6.087849e-04
-4.074760e-03
5.917334e-04
-4.266912e-03
7.902698e-04
-3.593179e-03
7.063621e-04
-3.650560e-03
8.299883e-04
-3.735955e-03
8.597150e-04
-3.840532e-03
